item_id,prompt_hash,story_id,source,task,category,ability,answer,pred,raw,correct,n_options,condition,seed,exemplar_seed
ae638be658d02b41,a2c3dca45439dc37,32fe648a151c3cf0,ToMi,location-belief,Belief,Location False Beliefs,D,D,[[D]],1,,baseline,,
0b72e3c7ac8e226e,e3e73e2a7a2fa25c,ddb5982c30a50cd4,ToMi,location-belief,Belief,Location False Beliefs,D,D,[[D]],1,,baseline,,
18394b0cb65b4bf7,6200e5b379fd86b5,3d471f58785bc7cf,ToMi,location-belief,Belief,Location False Beliefs,C,C,[[C]],1,,baseline,,
d22332222bdd8a68,0975b2568fefc2aa,a4a37b64be62ab30,ToMi,location-belief,Belief,Location False Beliefs,D,D,[[D]],1,,baseline,,
b2433b6f0fbfad08,6eb2f4f2856d3340,f389674a9238c678,ToMi,location-belief,Belief,Location False Beliefs,B,B,[[B]],1,,baseline,,
7387fa6ac5a42faf,25254ee39253a6c9,48e35d6bb8526966,ToMi,location-belief,Belief,Location False Beliefs,B,B,[[B]],1,,baseline,,
4df2b6892d936fc4,5d113338795b92f0,4c9927bba64e3866,ToMi,location-belief,Belief,Location False Beliefs,B,B,[[B]],1,,baseline,,
0a454bd46209d079,0e9025d263650c3b,11805a163885e65a,ToMi,location-belief,Belief,Location False Beliefs,D,C,[[C]],0,,baseline,,
2b7bcca56bb88659,18ebff5aef46870e,11f5067063a88519,ToMi,location-belief,Belief,Location False Beliefs,B,B,[[B]],1,,baseline,,
0f8650b2310b11e0,846f20643eeed29a,4cb8fc241b2a123a,ToMi,location-belief,Belief,Location False Beliefs,A,A,[[A]],1,,baseline,,
33012d7d658b47f2,43822c2057fdd990,669dc28d688b4c5c,ToMi,location-belief,Belief,Location False Beliefs,D,D,"[[D]]
The story states that Nathan moved the raincoat",1,,baseline,,
1359f53d2f722570,68a930cf729422d1,ef2795be4a20a160,ToMi,location-belief,Belief,Location False Beliefs,B,A,"[[A]]
The story states ""The turnip is in",0,,baseline,,
448d0e89cb2ca451,eecba916da4f8ea9,d8b30db7e2e1768c,ToMi,location-belief,Belief,Location False Beliefs,C,C,"[[C]]
The story states ""The lemon is in the",1,,baseline,,
b9cdbe19290400f8,e982803aa0cd0e7f,741856004e36fe94,ToMi,location-belief,Belief,Location False Beliefs,D,D,"[[D]]
The story states that James moved the scarf to",1,,baseline,,
759e1dd06067b06a,330ea390feb1e371,454a63abe5bf9e7b,ToMi,location-belief,Belief,Location False Beliefs,D,D,[[D]],1,,baseline,,
e242d2a9bf8d4307,10ab342fc759693c,02640dc17ac13ed8,ToMi,location-belief,Belief,Location False Beliefs,A,B,"[[B]]
The story states that James moved the trousers to",0,,baseline,,
c2b9eb380190477c,0f2a5208c467294d,a24e064ca7ac6dd1,ToMi,location-belief,Belief,Location False Beliefs,D,D,[[D]],1,,baseline,,
9eab682e55fbe4b8,cadbe4011cd245cc,e3ab7f0be0729326,ToMi,location-belief,Belief,Location False Beliefs,B,B,"[[B]]
[[B]]",1,,baseline,,
e9bec100ca556f6e,c621d895d984658b,ad56209a5f46bb43,ToMi,location-belief,Belief,Location False Beliefs,B,B,[[B]],1,,baseline,,
4248f2d1365c02e5,38025d21ed0029a8,5b40c515da1dcff7,ToMi,location-belief,Belief,Location False Beliefs,B,B,[[B]],1,,baseline,,
6abc3b4113b61782,a2354e512622d68f,a797f731dfeccb39,ToMi,location-belief,Belief,Location False Beliefs,A,A,[[A]],1,,baseline,,
62dab41fc91bfe33,59f891f044f75b5a,003c9e5da7264edd,ToMi,location-belief,Belief,Location False Beliefs,D,D,[[D]],1,,baseline,,
7f89a8a08a9f7de4,b07eb331ecccc7c3,72f5e76267f509c5,ToMi,location-belief,Belief,Location False Beliefs,D,D,[[D]],1,,baseline,,
4fb9c9114eb973bb,4ef480a4edac0b71,fa7e58c9860b3903,ToMi,location-belief,Belief,Location False Beliefs,D,B,[[B]],0,,baseline,,
e32e55c683af17ce,d49dafb804fdf927,139b9f32bdf78ba0,ToMi,location-belief,Belief,Location False Beliefs,A,A,[[A]],1,,baseline,,
88c126f3ee800249,c84394166246ead2,1c5bfd64041daf74,ToMi,location-belief,Belief,Location False Beliefs,C,B,"[[B]]
[[C]]",0,,baseline,,
e55c762b9aaefa6b,b2eeb641e81360aa,4cb8fc241b2a123a,ToMi,location-belief,Belief,Location False Beliefs,A,A,[[A]],1,,baseline,,
fd5c64e0b318beb4,71d5171159cded8c,40fc803d8e679131,ToMi,location-belief,Belief,Location False Beliefs,C,C,[[C]],1,,baseline,,
a333e9b9f0ee6bce,bf136fce9dee2adf,e5f015074453d195,ToMi,location-belief,Belief,Location False Beliefs,A,A,[[A]],1,,baseline,,
4fdb0fbd25ba7a41,7547810b307b6cb6,41c6107ada559354,ToMi,location-belief,Belief,Location False Beliefs,C,C,[[C]],1,,baseline,,
33ab7e21ed169847,f696e452e506183a,dc93bff093ad7183,ToMi,location-belief,Belief,Location False Beliefs,A,A,[[A]],1,,baseline,,
68d055f7196350fb,4c51386553b7c233,bd8321660a38a8b1,ToMi,location-belief,Belief,Location False Beliefs,C,C,[[C]],1,,baseline,,
482492764d86697e,0ea8d08df487ce56,15386ad6e67da6d1,ToMi,location-belief,Belief,Location False Beliefs,B,B,[[B]],1,,baseline,,
6e3ebbc1c14a6ffb,716cee4ddbd5266e,8d0a220cc20f95e8,ToMi,location-belief,Belief,Location False Beliefs,B,B,[[B]],1,,baseline,,
8e853398f0bcb684,7a144b1b124cdae8,aa46d0ca83835394,ToMi,location-belief,Belief,Location False Beliefs,C,C,[[C]],1,,baseline,,
bee52ebfc650cd2a,14b466a42bafb870,d8b30db7e2e1768c,ToMi,location-belief,Belief,Location False Beliefs,B,B,[[B]],1,,baseline,,
af8ede7c813210f0,99f3b4e704644c27,08044fc183d8e925,ToMi,location-belief,Belief,Location False Beliefs,B,B,[[B]],1,,baseline,,
b129acc9c290ce0b,68f018223bab568a,bd8321660a38a8b1,ToMi,location-belief,Belief,Location False Beliefs,D,C,[[C]],0,,baseline,,
22896c999af5bddb,5434db9e6fe5ccfc,341aa9bfe1976def,ToMi,location-belief,Belief,Location False Beliefs,D,D,[[D]],1,,baseline,,
a2506b5c3b994514,58f7cb68c5a05397,2a276818eb3cdb8c,ToMi,location-belief,Belief,Location False Beliefs,A,B,[[B]],0,,baseline,,
ffdac4ca2c97bfcf,59639ec975715b1f,5f6705bd9d5150f6,ToMi,location-belief,Belief,Location False Beliefs,C,C,[[C]],1,,baseline,,
f3fd6e9240cba022,500a72c844dac698,11805a163885e65a,ToMi,location-belief,Belief,Location False Beliefs,D,D,"[[D]]
The story states that ""The persimmon",1,,baseline,,
bd3a513e6d682d2d,0227ec8b2ebecfc7,02640dc17ac13ed8,ToMi,location-belief,Belief,Location False Beliefs,B,B,[[B]],1,,baseline,,
01a72476e6c30988,df8a3687332dde52,2fb00015db8b0d53,ToMi,location-belief,Belief,Location False Beliefs,B,A,"[[A]]
The story indicates that Emily has already searched the",0,,baseline,,
5ac9f4dd335ef00c,77dfe0072a712a6c,6999973ea98d74e2,ToMi,location-belief,Belief,Location False Beliefs,B,B,[[B]],1,,baseline,,
9dc1556ff290957a,cc52b3cb566e2426,825bdefd00270bfa,ToMi,location-belief,Belief,Location False Beliefs,D,D,[[D]],1,,baseline,,
c68d5a64d26efa21,0c038da645188975,053069b0a6c0acc4,ToMi,location-belief,Belief,Location False Beliefs,A,B,[[B]],0,,baseline,,
cb02708db487543e,00c822c8c63412a1,5bfdc1b4f6c475fd,ToMi,location-belief,Belief,Location False Beliefs,C,C,[[C]],1,,baseline,,
2b9e646f93370f29,37ce037d1b9815e3,d9c1f8f5027aede4,ToMi,location-belief,Belief,Location False Beliefs,D,D,[[D]],1,,baseline,,
993c0ba3e2fae4a7,24f24099a326ccb4,e7bcc4f0a148da64,ToMi,location-belief,Belief,Location False Beliefs,A,A,[[A]],1,,baseline,,
96cd1de5f799981a,0eae0002b65d4e9b,a3b412b7b056852a,ToMi,location-belief,Belief,Location False Beliefs,B,B,[[B]],1,,baseline,,
1434337e0b618b4d,c792410709eb238b,4bd67a351c785497,ToMi,location-belief,Belief,Location False Beliefs,C,C,[[C]],1,,baseline,,
66775cad20a62ab0,8bf4e3ed9c3292be,683d466f65357ad7,ToMi,location-belief,Belief,Location False Beliefs,D,D,[X] [[D]],1,,baseline,,
fb7f70f3e939bd19,c82fa517a2eb7700,2c2979c6a83476f6,ToMi,location-belief,Belief,Location False Beliefs,B,A,"[[A]]
The story states that the radish was initially",0,,baseline,,
399c9a5f1c1b49ea,b767b0ec41bc745c,2be3e8f81fb9804c,ToMi,location-belief,Belief,Location False Beliefs,B,A,[[A]],0,,baseline,,
2d93d4a8c37ec622,08175ca749f86127,f5415aa2644ad52d,ToMi,location-belief,Belief,Location False Beliefs,A,A,[[A]],1,,baseline,,
5d1cb8055fec9133,5ed6a554eff70bd5,28821affed52200f,ToMi,location-belief,Belief,Location False Beliefs,D,A,[[A]],0,,baseline,,
c73621231719fd13,526d1167c8095934,e6a21849572ac99a,ToMi,location-belief,Belief,Location False Beliefs,B,B,"[[B]]
The story states that ""The eggplant is",1,,baseline,,
888f00fd25c3559e,81f9d02234e79b09,6b5fb33fdb6986fc,ToMi,location-belief,Belief,Location False Beliefs,D,D,[[D]],1,,baseline,,
739d429639573c37,6284458d2f847caf,237506494cbe1857,ToMi,location-belief,Belief,Location False Beliefs,B,B,[[B]],1,,baseline,,
4fd47262d8f4c06f,42f015d3dea39ec7,b5276eaafe95fcb6,ToMi,location-belief,Belief,Location False Beliefs,B,B,[[B]],1,,baseline,,
6ad0d0e7239a334b,1aa13b66ee3ce8c8,014fff3e5de48e07,ToMi,location-belief,Belief,Location False Beliefs,A,A,[[A]],1,,baseline,,
c8022092f974f9ee,ea9128b71fa488fb,5db415b013ace924,ToMi,location-belief,Belief,Location False Beliefs,A,A,[[A]],1,,baseline,,
d673310f40ae7645,c0841d966fb66336,c38ad2bf386a7bb8,ToMi,location-belief,Belief,Location False Beliefs,A,C,[[C]],0,,baseline,,
04172daa68fe1bd8,5bbbc169e706e956,10a8a827d2d11d6c,ToMi,location-belief,Belief,Location False Beliefs,A,A,[[A]],1,,baseline,,
88a2b2104bb17e3b,77da76028d1386e5,6d85ce7f44259489,ToMi,location-belief,Belief,Location False Beliefs,C,C,[[C]],1,,baseline,,
c1cc0d24bd396fbb,60e569882cd68291,11acb80746e12dff,ToMi,location-belief,Belief,Location False Beliefs,C,C,[[C]],1,,baseline,,
83f0f44bafd2c699,3bcfe8d615119219,451bf1b23ace9e24,ToMi,location-belief,Belief,Location False Beliefs,A,A,[[A]],1,,baseline,,
9794f584e4a739ff,846414e105df3dc1,30958edc662a4573,ToMi,location-belief,Belief,Location False Beliefs,D,B,[[B]],0,,baseline,,
021eb6b926faa031,32af112a12def695,e3ab7f0be0729326,ToMi,location-belief,Belief,Location False Beliefs,C,A,"[[A]]
The story states that ""Hannah moved the",0,,baseline,,
24b56a892aa1c130,464d749fce201532,5b9de87e4a11bdac,ToMi,location-belief,Belief,Location False Beliefs,A,B,[[B]],0,,baseline,,
2d6e734525ffa709,5b0b4c024c4449dd,fbf4fe7b2a05c5bf,ToMi,location-belief,Belief,Location False Beliefs,D,D,[[D]],1,,baseline,,
112765f3469a2339,92f37345a9762607,fd4c271911e7a110,ToMi,location-belief,Belief,Location False Beliefs,C,C,[[C]],1,,baseline,,
699d93264feeead4,65137f34e74a2a8d,da9f4d5d98253c9f,ToMi,location-belief,Belief,Location False Beliefs,B,B,[[B]],1,,baseline,,
301ebfd144dc4bb2,2b16713e76964bff,ced831138395e8d0,ToMi,location-belief,Belief,Location False Beliefs,C,C,"[[C]]
The story states that Ava moved the lettuce from",1,,baseline,,
5dd3f6c44df7edc2,661c2f2d92b684e1,1cc040644b0bd02e,ToMi,location-belief,Belief,Location False Beliefs,B,B,[[B]],1,,baseline,,
12eebf58db6d2080,c4f92a5a2f8ddfb8,5a35484960341d55,ToMi,location-belief,Belief,Location False Beliefs,C,C,"[[C]]
The story states ""Ava moved the pants",1,,baseline,,
daf16016b8ccefc1,3525dcb678529401,a60f6b5f521e9651,ToMi,location-belief,Belief,Location False Beliefs,A,A,[[A]],1,,baseline,,
eaa40d4fbd773d2a,89e72592eb0cb13b,d42723cbcf5cdc8d,ToMi,location-belief,Belief,Location False Beliefs,C,C,[[C]],1,,baseline,,
9ae30ae36d65c954,58403340e33b13b3,6fcc1ed037979218,ToMi,location-belief,Belief,Location False Beliefs,A,A,[[A]],1,,baseline,,
2b7e694fc14f2219,577b7d732ee62be2,6f37579750fb0dab,ToMi,location-belief,Belief,Location False Beliefs,B,B,[[B]],1,,baseline,,
c642934d5deb9470,932614bcb03a565d,64965d152fe65362,ToMi,location-belief,Belief,Location False Beliefs,B,B,[[B]],1,,baseline,,
c8e2809907db4746,9824aba324e48a88,1aef622ad997cb15,ToMi,location-belief,Belief,Location False Beliefs,B,B,[[B]],1,,baseline,,
5703fc75055da256,9f17a80fc5fd308a,bad3679d1f6a61b3,ToMi,location-belief,Belief,Location False Beliefs,B,B,[[B]],1,,baseline,,
95312fe54337ae00,983d5ed48a820cd7,74ad6d06c6cc54c4,ToMi,location-belief,Belief,Location False Beliefs,D,A,[[A]],0,,baseline,,
367d10137e6157d9,e7284d1e51ce61b1,efaacb21898210a2,ToMi,location-belief,Belief,Location False Beliefs,B,B,[[B]],1,,baseline,,
19aef34fa12c1d38,6587213f04d99c6e,5609e2d06fc8ea67,ToMi,location-belief,Belief,Location False Beliefs,B,B,"[[B]]
[[B]] is the correct answer based on",1,,baseline,,
b7717371a70d93ad,16431cc41d269fba,ced831138395e8d0,ToMi,location-belief,Belief,Location False Beliefs,C,C,"[[C]]
The story states that Ava moved the lettuce from",1,,baseline,,
efdcbcd3285e1e27,a51195308126c187,ffce16802c32cc88,ToMi,location-belief,Belief,Location False Beliefs,B,B,[[B]],1,,baseline,,
ea4c4ba29607a53d,8e2ce303577a4851,33ac02bdce99536e,ToMi,location-belief,Belief,Location False Beliefs,D,C,[[C]],0,,baseline,,
f1ae0a0c4fc2c1a4,2c8c83c9417d3801,f389674a9238c678,ToMi,location-belief,Belief,Location False Beliefs,C,C,[[C]],1,,baseline,,
1f4d255f5a6db8c8,88aae043debca5b4,5a35484960341d55,ToMi,location-belief,Belief,Location False Beliefs,B,B,[[B]],1,,baseline,,
404738ae85585925,d0aa58c728e7235e,39dcd6f9672eb10e,ToMi,location-belief,Belief,Location False Beliefs,D,D,[[D]],1,,baseline,,
c4bff5f05dbf5949,c0d1b94fed18c897,2fb00015db8b0d53,ToMi,location-belief,Belief,Location False Beliefs,C,A,"[[A]]
[[B]]
[[C]]
[[D]]",0,,baseline,,
8910d5996b556f75,ebbdbb00feba9e64,b2e96864914a394d,ToMi,location-belief,Belief,Location False Beliefs,B,B,"[[B]]
The story states that Evelyn moved the lime to",1,,baseline,,
cba122fb77bc74d2,78f94367838de500,32fe648a151c3cf0,ToMi,location-belief,Belief,Location False Beliefs,A,C,[[C]],0,,baseline,,
f9097ac1df27f56a,d64c437af0cb6ed7,5dcdebdf7f621dbf,ToMi,location-belief,Belief,Location False Beliefs,A,C,[[C]],0,,baseline,,
87de08a680ca76ef,8464bceb32990ff7,35e1046c8947baf4,ToMi,location-belief,Belief,Location False Beliefs,B,B,[[B]],1,,baseline,,
ae893fdd84c6c0b3,e6076f7c53ff3e72,a24e064ca7ac6dd1,ToMi,location-belief,Belief,Location False Beliefs,D,D,[[D]],1,,baseline,,
1eeb4671bbe510a7,dbe1d68a84ed220d,d314e475d59d9b54,ToMi,location-belief,Belief,Location False Beliefs,D,D,"[[D]]
The story states that ""Liam moved the",1,,baseline,,
ee97c1e014aadb09,a05b37da8f63e1ec,60923681b970c914,ToMi,location-belief,Belief,Location False Beliefs,A,A,[[A]],1,,baseline,,
7ebd8f4d5c4196f0,01e44c21b25e34a0,774c60733d81eae2,ToMi,location-belief,Belief,Location False Beliefs,B,B,[[B]],1,,baseline,,
f52ccbc2e149af8f,734f9898842f0227,c0a0858b6e37610b,ToMi,location-belief,Belief,Location False Beliefs,D,C,[[C]],0,,baseline,,
142fddd5d27e5dd9,0516f4f9d6fb811d,741856004e36fe94,ToMi,location-belief,Belief,Location False Beliefs,B,B,"[[B]]
The story indicates that James moved the scarf to",1,,baseline,,
8b3a657da70a8431,35d4b86d5e4d92d0,1e7b4dd94632cf58,ToMi,location-belief,Belief,Location False Beliefs,C,C,[[C]],1,,baseline,,
388d992ee99ab860,d12b75509cdf676f,51b73a6a67f34424,ToMi,location-belief,Belief,Location False Beliefs,C,C,"[[C]]
The story states ""Nathan moved the cherry",1,,baseline,,
099083551d932147,974fc8f9f61b4891,64965d152fe65362,ToMi,location-belief,Belief,Location False Beliefs,A,A,[[A]],1,,baseline,,
9d034917ebfce972,9e03064ac653825f,6fb8faa4f992d9f4,ToMi,location-belief,Belief,Location False Beliefs,D,D,[X] [[D]],1,,baseline,,
a63a3ce66c2117ec,bba92d361659c9f7,f450223d75558d59,ToMi,location-belief,Belief,Location False Beliefs,C,A,"[[A]]
The story states ""The underpants is in",0,,baseline,,
aea733e26fde08bd,02f2376dcae123ea,768af538fc1b1d8d,ToMi,location-belief,Belief,Location False Beliefs,A,A,[[A]],1,,baseline,,
9966cb9ce11215bc,825b7ad18e312e85,5d6a98a57671f68a,ToMi,location-belief,Belief,Location False Beliefs,A,A,[X] [[A]],1,,baseline,,
dff42734ecfcb685,c4c9ec2db6a914b2,dcd43856a4cb5bd3,ToMi,location-belief,Belief,Location False Beliefs,B,A,[[A]],0,,baseline,,
9a9d6557d7a4afef,a7d3a5ffd0cb78e0,f43f252aa039aad9,ToMi,location-belief,Belief,Location False Beliefs,A,B,[[B]],0,,baseline,,
adfeafab661d6716,9746f6f0713c36b3,866f09dbfd3063cd,ToMi,location-belief,Belief,Location False Beliefs,C,C,"[[C]]
The most likely answer is C because Hunter moved",1,,baseline,,
da42d68733ba62d1,09f915bbd90373fa,a9909c87812b1c34,ToMi,location-belief,Belief,Location False Beliefs,B,C,[[C]],0,,baseline,,
3ae1611a03789a55,be696edfd0bb2b9d,f07981090044ea93,ToMi,location-belief,Belief,Location False Beliefs,D,C,[[C]],0,,baseline,,
608db46f4c358931,6c4426432f87a934,a3b412b7b056852a,ToMi,location-belief,Belief,Location False Beliefs,D,D,"[[D]]
The story states that Sophia moved the asparagus",1,,baseline,,
5ab4d633c320ca41,15a92bbaef56185c,e88183c070b2df97,ToMi,location-belief,Belief,Location False Beliefs,C,C,"[[C]]
The story states that Amelia moved the boots to",1,,baseline,,
23759edd6eafdc26,d136245c8ee78951,d9c1f8f5027aede4,ToMi,location-belief,Belief,Location False Beliefs,B,B,"[[B]]
The story states that Lucas moved the corn from",1,,baseline,,
ae110a44a7fb5d5f,81458bbf61faa056,f34e9fc0d32f13d0,ToMi,location-belief,Belief,Location False Beliefs,C,C,"[[C]]
The story states that Avery moved the tie to",1,,baseline,,
343ca67c81f2987c,aaace79d277eb167,019f58ae5c83c80e,ToMi,location-belief,Belief,Location False Beliefs,B,B,[[B]],1,,baseline,,
80f778d075c4ba07,aef9b02bd486d2e7,003c9e5da7264edd,ToMi,location-belief,Belief,Location False Beliefs,C,C,[[C]],1,,baseline,,
368a296aa2ad83fa,a99f65c08b3cf829,ce1704a48291eb40,ToMi,location-belief,Belief,Location False Beliefs,D,D,"[[D]]
The story indicates that Owen moved the trousers to",1,,baseline,,
076176442eba8c9e,170d33240ed928d9,a09890c758a86cbc,ToMi,location-belief,Belief,Location False Beliefs,C,C,[[C]],1,,baseline,,
e954b30fb879720b,c0c19669ef12dbea,77e00d22dd5d120b,ToMi,location-belief,Belief,Location False Beliefs,D,D,[[D]],1,,baseline,,
9855e944d5be745f,3f4df6dc4db7c12a,069b99ac0a9e0ebe,ToMi,location-belief,Belief,Location False Beliefs,C,C,"[[C]]
The most likely answer is C because the story",1,,baseline,,
6fd3127d5c52e4d5,0c0f47974435f162,ac5704a0102c4192,ToMi,location-belief,Belief,Location False Beliefs,C,A,[[A]],0,,baseline,,
2e7ea765f030be4d,368e12fffe98e44f,2f7716214e7a1a9d,ToMi,location-belief,Belief,Location False Beliefs,C,B,"[[B]]
[[C]]",0,,baseline,,
17f1ca5a08977eab,f1e30832ff821536,57404e37c0fef51c,ToMi,location-belief,Belief,Location False Beliefs,D,D,[[D]],1,,baseline,,
658cac16dd87b690,3a19a9c54dceba6a,a24e064ca7ac6dd1,ToMi,location-belief,Belief,Location False Beliefs,C,C,[[C]],1,,baseline,,
486c0e6b88df6a79,2f9e3ee80d570a5b,9c7d49165c3feac2,ToMi,location-belief,Belief,Location False Beliefs,B,B,"[[B]]
The most likely answer is B because Elizabeth was",1,,baseline,,
5899a9b9f7ee0b80,a45ba605cc5d875e,61d02d7031c49d8a,ToMi,location-belief,Belief,Location False Beliefs,C,C,"[[C]]
The story states ""Amelia hates the pumpkin",1,,baseline,,
8d3ac37fd16d0541,4af0101ccb25a4b8,3e4a25c513597a5b,ToMi,location-belief,Belief,Location False Beliefs,A,B,[[B]],0,,baseline,,
c083ff36680bd233,b1c9193bb84f8417,b95d9d0d5dbb6851,ToMi,location-belief,Belief,Location False Beliefs,D,D,"[[D]]
The story states ""The undershirt is",1,,baseline,,
41560608379851dd,978d079415d3ca90,ae25e9591ba6cb26,ToMi,location-belief,Belief,Location False Beliefs,C,C,[[C]],1,,baseline,,
a6b2227cc003932e,36abfd0c394cfefa,87e3b0eb339f1282,ToMi,location-belief,Belief,Location False Beliefs,A,A,[[A]],1,,baseline,,
8bdd9b175c5fc559,4e24659cb1a937c5,65c95b6052290577,ToMi,location-belief,Belief,Location False Beliefs,D,B,"[[B]]
[[C]]
[[D]]
The story states",0,,baseline,,
037fb82287b353f0,385366307d021f11,e1c22c9482c24bd1,ToMi,location-belief,Belief,Location False Beliefs,D,A,[[A]],0,,baseline,,
ceb4074dd7b3bc34,241def0827133ed0,5efc53b66136ac2d,ToMi,location-belief,Belief,Location False Beliefs,D,D,"[[D]]
The story states that Emily moved the pants to",1,,baseline,,
1b15997dd050acf4,ed2ca3fb363ce5ee,4222b398109df785,ToMi,location-belief,Belief,Location False Beliefs,B,B,[[B]],1,,baseline,,
af499397b1732e38,dd01c73cb520f247,d8b30db7e2e1768c,ToMi,location-belief,Belief,Location False Beliefs,A,A,[[A]],1,,baseline,,
df99cb78b405b71c,5ca8a1023d6f7ebc,497a70e37987e1fa,ToMi,location-belief,Belief,Location False Beliefs,B,B,[[B]],1,,baseline,,
b87d3e2133922905,2111108657baedbf,5b61694fcd5e7192,ToMi,location-belief,Belief,Location False Beliefs,D,C,"[[C]]
The most likely answer is C because after Nathan",0,,baseline,,
449bd648cb84fc16,c52ddd142ffb9cf2,1d3e1027712c6624,ToMi,location-belief,Belief,Location False Beliefs,D,D,"[[D]]
The most likely answer is that Amelia will look",1,,baseline,,
4134fdc260165f83,da736f5788421d45,d4070b8b72d670e8,ToMi,location-belief,Belief,Location False Beliefs,A,A,[[A]],1,,baseline,,
75d6a8ceadc438c6,08eeeeb1d0e825fb,064125283e5bb2d4,ToMi,location-belief,Belief,Location False Beliefs,D,D,[[D]],1,,baseline,,
a372472ff514cfaa,ef3e676dee058760,12f9cb0f074c87f2,ToMi,location-belief,Belief,Location False Beliefs,D,D,[[D]],1,,baseline,,
c983415d1ea89bb0,eb559cf54a5fb89a,a19fe16a594224a7,ToMi,location-belief,Belief,Location False Beliefs,D,D,[X] [[D]],1,,baseline,,
034a908bfc17fdb1,386e5a611fef22dc,a014651512abd5db,ToMi,location-belief,Belief,Location False Beliefs,B,C,[[C]],0,,baseline,,
31c496909777c354,1fc570186335c237,8644f3d126ff1d7f,ToMi,location-belief,Belief,Location False Beliefs,D,D,[[D]],1,,baseline,,
96ae4b8b44ad4eae,af4cd026de51c48f,dfab65ea1d244477,ToMi,location-belief,Belief,Location False Beliefs,B,B,[[B]],1,,baseline,,
8252d08898668309,f7b54e3d797204d5,4222b398109df785,ToMi,location-belief,Belief,Location False Beliefs,A,A,[[A]],1,,baseline,,
b76c9a08c479eeb2,24360f9c01b3bb65,861ba406ba1c69b4,ToMi,location-belief,Belief,Location False Beliefs,A,A,[[A]],1,,baseline,,
30ff792ea60f3d29,ba6f65e2bb1193b2,cd15c7ec7718c732,ToMi,location-belief,Belief,Location False Beliefs,D,B,[[B]],0,,baseline,,
74741de36a8c7630,ee558c8fa4142c55,4bd67a351c785497,ToMi,location-belief,Belief,Location False Beliefs,D,D,[[D]],1,,baseline,,
5ce59d1eaf99640a,a2c3fac56a165737,64965d152fe65362,ToMi,location-belief,Belief,Location False Beliefs,C,C,[[C]],1,,baseline,,
9a0b8e0efa079199,6d5afd2fa90dd95d,fb2ba65a0ae85c8b,ToMi,location-belief,Belief,Location False Beliefs,A,A,[[A]],1,,baseline,,
5a22ffde4694fb86,6be8d03ca1d5f2e8,fd4c271911e7a110,ToMi,location-belief,Belief,Location False Beliefs,D,D,[[D]],1,,baseline,,
672128abc38df683,ad266f48736fdf43,90a9fa2726c09775,ToMi,location-belief,Belief,Location False Beliefs,C,A,[[A]] and [[C]],0,,baseline,,
ae8bc4d7f30e0c13,ae3cb101773ef28e,28821affed52200f,ToMi,location-belief,Belief,Location False Beliefs,D,D,"[[D]]
The story states that Sophia moved the cap to",1,,baseline,,
f15e97a0dc83bc3b,1c8e2c87cbbe5ef7,f7b5b4e09e1b44f1,ToMi,location-belief,Belief,Location False Beliefs,B,B,[[B]],1,,baseline,,
2963a6982d2156db,a9f989e1086db243,452e9fd7f1a13dae,ToMi,location-belief,Belief,Location False Beliefs,C,C,[[C]],1,,baseline,,
1f71f0913d87e73a,6d7d77bed36cfa17,da9f4d5d98253c9f,ToMi,location-belief,Belief,Location False Beliefs,A,D,[[D]],0,,baseline,,
bdb5309d8d69bfdc,72183e8250201776,d8c73567b1836d8a,ToMi,location-belief,Belief,Location False Beliefs,B,B,[[B]],1,,baseline,,
44497048656becd1,a53b2e0d911e12cf,a09890c758a86cbc,ToMi,location-belief,Belief,Location False Beliefs,C,C,[[C]],1,,baseline,,
5fd8cc9a5b28c53f,0039d8eb881414fb,b82f3e6cc8617a2d,ToMi,location-belief,Belief,Location False Beliefs,A,A,[X] [[A]],1,,baseline,,
a9eb54afe4b85f52,8bdef10db9ca54ee,700687ead224e779,ToMi,location-belief,Belief,Location False Beliefs,D,D,"[[D]]
The story states that Lucas moved the slacks",1,,baseline,,
719f30c76a353e21,d1312adf013f3b82,c2050332f43bd996,ToMi,location-belief,Belief,Location False Beliefs,B,B,[[B]],1,,baseline,,
216186fdf3f68131,11a917fc2178adb9,9e1284139cbcd06a,ToMi,location-belief,Belief,Location False Beliefs,A,A,[[A]],1,,baseline,,
e28195cc3ec255bb,8c76caa21a467655,75ea495e54aff545,ToMi,location-belief,Belief,Location False Beliefs,A,A,"[[A]]
The eggplant was initially found in the envelope",1,,baseline,,
9ace2f8211918285,ecc159c0a9a0a0c9,555d1b20e1649856,ToMi,location-belief,Belief,Location False Beliefs,B,B,"[[B]]
The story states that Ethan moved the dress from",1,,baseline,,
33b8b196533add05,9d4774e67b6ca524,32fe648a151c3cf0,ToMi,location-belief,Belief,Location False Beliefs,C,C,[[C]],1,,baseline,,
02a1d05cb51a0fda,dced2ae942ce0a02,a7f37317c9b96e26,ToMi,location-belief,Belief,Location False Beliefs,B,A,[[A]],0,,baseline,,
8cafba7dafe7f871,282f5106d9f81f6e,5609e2d06fc8ea67,ToMi,location-belief,Belief,Location False Beliefs,C,C,[[C]],1,,baseline,,
4140a6c39a0a3f44,60b673cb1e9bbf4c,3fa5cc5b5932866f,ToMi,location-belief,Belief,Location False Beliefs,B,B,[[B]],1,,baseline,,
c0510bb20b90c18a,bb8ef50fb9dd76d1,fad107fe7777f6b4,ToMi,location-belief,Belief,Location False Beliefs,C,C,[[C]],1,,baseline,,
4a9a8eb653e41c19,813c8f8389caef32,b5d49eb1809d0939,ToMi,location-belief,Belief,Location False Beliefs,D,D,[X] [[D]],1,,baseline,,
cc0547ddccd515b4,72ea9df6d486d5ac,ec0a52da7fd0e39b,ToMi,location-belief,Belief,Location False Beliefs,A,A,[[A]],1,,baseline,,
c29e6a2fffd35c3a,07fcdea886bd66a5,dc221cc8e6878209,ToMi,location-belief,Belief,Location False Beliefs,B,B,[[B]],1,,baseline,,
f5ed7e4bf04f2fbc,02ee93d79232d488,6415f8e9946ac682,ToMi,location-belief,Belief,Location False Beliefs,B,B,"[[B]]
The story states ""The celery is in the",1,,baseline,,
f79314ed0404e507,2d182b3efe0ce227,b5528b47077aa595,ToMi,location-belief,Belief,Location False Beliefs,A,A,[[A]],1,,baseline,,
83b543ea6497a89e,69e57beea8abdba8,c8c3f5db2986e95a,ToMi,location-belief,Belief,Location False Beliefs,D,C,[[C]],0,,baseline,,
aa71174e094119e7,1262bfe06384b64a,60923681b970c914,ToMi,location-belief,Belief,Location False Beliefs,A,A,[[A]],1,,baseline,,
a6670f655178a1c0,bc061048ecf62dc5,794f4fff61208490,ToMi,location-belief,Belief,Location False Beliefs,D,D,[[D]],1,,baseline,,
e5410b5c83314f58,a8a3e796116d4ba3,451cc56d7a1431f8,ToMi,location-belief,Belief,Location False Beliefs,B,B,[[B]],1,,baseline,,
658bc425a75c4745,8863577d8cc62ad3,ddb5982c30a50cd4,ToMi,location-belief,Belief,Location False Beliefs,B,B,"[[B]]
The story states that ""The banana is in",1,,baseline,,
63a068bfa4675938,81d74b007202a46a,57404e37c0fef51c,ToMi,location-belief,Belief,Location False Beliefs,D,C,"[[C]]
The story states that Mila moved the strawberry",0,,baseline,,
4554a3be3ac1e94f,6a4ec3231fd1f74b,74fb66644991f847,ToMi,location-belief,Belief,Location False Beliefs,A,A,[[A]],1,,baseline,,
c1a52fb70be33d69,32347dea371640fa,84da922e142135a4,ToMi,location-belief,Belief,Location False Beliefs,D,D,[[D]],1,,baseline,,
8a9a348e4858949d,4b2e1e83dac74b51,352c57b866592423,ToMi,location-belief,Belief,Location False Beliefs,B,B,[[B]],1,,baseline,,
7314f25cd6d763da,405c10a12e90ba3d,0f673b7d0e3cd6c6,ToMi,location-belief,Belief,Location False Beliefs,B,A,"[[A]]
The story states that Abigail moved the apple",0,,baseline,,
943b668e9933d354,a01d8f6bf06abd02,1aef622ad997cb15,ToMi,location-belief,Belief,Location False Beliefs,A,C,[[C]],0,,baseline,,
740fbacdfa1f1ee5,3d9b2ee81824edea,fa7e58c9860b3903,ToMi,location-belief,Belief,Location False Beliefs,D,B,[[B]],0,,baseline,,
e99722cf5eb2d5d5,626947d8919a514d,fd26ade1b861910d,ToMi,location-belief,Belief,Location False Beliefs,C,C,[[C]],1,,baseline,,
b622a0b8fb1d591e,3ecf0fab02b32791,7eb79d6d487fa18e,ToMi,location-belief,Belief,Location False Beliefs,D,D,"[[D]]
The story states that Aria moved the strawberry",1,,baseline,,
763076eb21aa2397,4b8270a2ac40d6d9,c38ad2bf386a7bb8,ToMi,location-belief,Belief,Location False Beliefs,C,C,[[C]],1,,baseline,,
3af562f33b87d60d,0df6516f2590d14e,14642f692e924b5c,ToMi,location-belief,Belief,Location False Beliefs,A,A,[[A]],1,,baseline,,
443e0a9e2fc1e48b,64ed7e674637b719,683d466f65357ad7,ToMi,location-belief,Belief,Location False Beliefs,A,B,[[B]],0,,baseline,,
164013dc8c0b437f,473cd825ee6b709e,1ca1a46708adcb79,ToMi,location-belief,Belief,Location False Beliefs,C,C,[[C]],1,,baseline,,
5f6ce572a3880165,7797616a5ea9d1c0,7c40b6cb17bd948d,ToMi,location-belief,Belief,Location False Beliefs,B,D,[[D]],0,,baseline,,
029690b14317cd0b,a52b655798783cd5,1f7fc672a3ead2f9,ToMi,location-belief,Belief,Location False Beliefs,D,B,[X] [[B]],0,,baseline,,
1a1c94a3621bc98e,1f261961ea7c29d4,bce0f208875f8c30,ToMi,location-belief,Belief,Location False Beliefs,C,C,[X] [[C]],1,,baseline,,
74890b95c691c553,12dca55373ccf7c0,35260492f7e9eb18,ToMi,location-belief,Belief,Location False Beliefs,D,D,[X] [[D]],1,,baseline,,
4766e5215ae22835,e9457f6e2f831391,d9c1f8f5027aede4,ToMi,location-belief,Belief,Location False Beliefs,D,C,"[[C]]
The story states that Lucas moved the corn to",0,,baseline,,
29b38a91d839397e,0f1c110fb61eefed,192783e3a036a06e,ToMi,location-belief,Belief,Location False Beliefs,C,C,[[C]],1,,baseline,,
32cf006dae78b450,c97aa7af79fdde0d,0d9bd59754b2fa1d,ToMi,location-belief,Belief,Location False Beliefs,C,C,[[C]],1,,baseline,,
3b3c98e707a52e4a,aa1fb47a2156641c,d8b30db7e2e1768c,ToMi,location-belief,Belief,Location False Beliefs,C,C,"[[C]]
The most likely answer is C because the story",1,,baseline,,
9634b6696c4c8e55,85bd0c6022ec114d,f450223d75558d59,ToMi,location-belief,Belief,Location False Beliefs,A,A,[[A]],1,,baseline,,
666ceba6e03f8536,ac2cb76f611e7e25,dc221cc8e6878209,ToMi,location-belief,Belief,Location False Beliefs,D,B,[[B]],0,,baseline,,
9807ab12ab5e8153,573c72f2a1fdc89b,13ad90bd07e86c07,ToMi,location-belief,Belief,Location False Beliefs,A,A,[[A]],1,,baseline,,
919e3c245c6f658b,fc888fa6bdf4c087,184117b6d295915a,ToMi,location-belief,Belief,Location False Beliefs,C,C,"[[C]]
The story states that Carter moved the pear to",1,,baseline,,
0f2695b0d307c759,b9a92e494482d774,2f7716214e7a1a9d,ToMi,location-belief,Belief,Location False Beliefs,B,A,"[[A]]
The story states that Hunter moved the coat to",0,,baseline,,
f7ac870040d16e45,478b496d477d3abf,d8b9a66a50391d46,ToMi,location-belief,Belief,Location False Beliefs,A,A,[[A]],1,,baseline,,
cc7ef4f183326262,483cae8d1be6b5a2,b6eb217b5f6d2602,ToMi,location-belief,Belief,Location False Beliefs,C,C,[[C]],1,,baseline,,
a81a67af1025c293,4346b71d6d87fc05,1a774658108429eb,ToMi,location-belief,Belief,Location False Beliefs,D,A,[[A]],0,,baseline,,
7433f5d5df790834,d1c0f3ffbd629285,8438f8a81e1da5c1,ToMi,location-belief,Belief,Location False Beliefs,B,B,"[[B]]
The story states that ""The lettuce is in",1,,baseline,,
9bf962515033f58c,2999bef585d3dd6c,34c30397ad79799e,ToMi,location-belief,Belief,Location False Beliefs,C,C,[[C]],1,,baseline,,
4960e639312712a8,46d79134c293cd5c,7f114aabc6ba2902,ToMi,location-belief,Belief,Location False Beliefs,D,D,[X] [[D]],1,,baseline,,
600100c432c6ac3d,45b16ed157e91fcf,45cb94846f11ecae,ToMi,location-belief,Belief,Location False Beliefs,C,C,[[C]],1,,baseline,,
4281e4fbc4d7a3db,745afdb2e4044737,87ec52c2ea12eb19,ToMi,location-belief,Belief,Location False Beliefs,B,B,[[B]],1,,baseline,,
8974a2a2a25adef1,753de7af94ddab62,fcfc1f821870021f,ToMi,location-belief,Belief,Location False Beliefs,A,C,[[C]],0,,baseline,,
670afc09d3135b8f,2bfc10672f38e850,5b61694fcd5e7192,ToMi,location-belief,Belief,Location False Beliefs,A,A,"[[A]]
Explanation: Initially, it is mentioned that """,1,,baseline,,
aa8e4ec9a3f432cf,b373c112a52b26ca,44e709eba1d75329,ToMi,location-belief,Belief,Location False Beliefs,D,C,[[C]],0,,baseline,,
4767840789c5d763,ad9b278ad971785c,88486afc40ad955f,ToMi,location-belief,Belief,Location False Beliefs,C,C,"[[C]]
The most likely answer is C because Isabella",1,,baseline,,
02ab56f0cd92e9cc,b7cfa14f2d3d583a,8f6749762b9c10a5,ToMi,location-belief,Belief,Location False Beliefs,A,A,[[A]],1,,baseline,,
564d03ff8fa26c75,91e6352dd1e9c353,8d5c5656b8edb10d,ToMi,location-belief,Belief,Location False Beliefs,C,C,[[C]],1,,baseline,,
9faedac9c284e465,16c3ca964e7e0c7e,925ff81767ac46a3,ToMi,location-belief,Belief,Location False Beliefs,D,D,[[D]],1,,baseline,,
7f3af69224a0d433,42bcaca1e742c2cb,8f6749762b9c10a5,ToMi,location-belief,Belief,Location False Beliefs,D,D,[[D]],1,,baseline,,
1953a42a9a25b1e7,3fca692f514ea48e,b6eb217b5f6d2602,ToMi,location-belief,Belief,Location False Beliefs,D,D,[X] [[D]],1,,baseline,,
7daf686617eaa92a,cdfb83d6d023bdf2,15386ad6e67da6d1,ToMi,location-belief,Belief,Location False Beliefs,C,C,"[[C]]
The story states that ""The strawberry is in",1,,baseline,,
47e5c1a5a630fd48,2db1cc2c73b58d49,efaacb21898210a2,ToMi,location-belief,Belief,Location False Beliefs,A,A,[[A]],1,,baseline,,
443862c8a5562da7,80b70592569c5ff7,fd8d29861987ab2c,ToMi,location-belief,Belief,Location False Beliefs,D,D,[[D]],1,,baseline,,
1276d6c495738777,7c5947cfa56dbeea,f454c7b9fdecd8e3,ToMi,location-belief,Belief,Location False Beliefs,B,B,[[B]],1,,baseline,,
ee717778bebc5fbb,85b91afc19693f79,c0a0858b6e37610b,ToMi,location-belief,Belief,Location False Beliefs,A,A,[[A]],1,,baseline,,
9744c78e95187cce,387363c5e377598d,302fd7f445871221,ToMi,location-belief,Belief,Location False Beliefs,B,B,[[B]],1,,baseline,,
9e7d80c29400366e,0275523150342441,741856004e36fe94,ToMi,location-belief,Belief,Location False Beliefs,B,B,[[B]],1,,baseline,,
11426125e30632a1,20106bd80c9f3a01,dd56c89eaedea631,ToMi,location-belief,Belief,Location False Beliefs,A,A,[[A]],1,,baseline,,
307ff545006ea309,c3fb22518c5bbe0a,b93df2b41bb7d8c6,ToMi,location-belief,Belief,Location False Beliefs,A,A,[[A]],1,,baseline,,
5413e5aa4f49f3f3,df72756ed594dfef,2dc3cfa3a4a6bc56,ToMi,location-belief,Belief,Location False Beliefs,A,A,[[A]],1,,baseline,,
0e417cdcd1daf05f,802479ab350a1131,d684fab456b1aa9c,ToMi,location-belief,Belief,Location False Beliefs,D,C,[[C]],0,,baseline,,
aadd2b8d48a658b6,63d7a27e9a34001b,606715f827e6f618,ToMi,location-belief,Belief,Location False Beliefs,C,C,[[C]],1,,baseline,,
968c0697455716fc,fc94c1dd6e07f90a,08879de12f2ee971,ToMi,location-belief,Belief,Location False Beliefs,A,A,[[A]],1,,baseline,,
5f36890feacfa26b,6f9156c79bf629ee,7eb79d6d487fa18e,ToMi,location-belief,Belief,Location False Beliefs,C,C,[[C]],1,,baseline,,
541d70610b251577,d13a09a89153b825,2a276818eb3cdb8c,ToMi,location-belief,Belief,Location False Beliefs,B,B,[[B]],1,,baseline,,
887bb08e2c8a7eb3,8ef662ba4029cf66,a5cf03553a880f4f,ToMi,location-belief,Belief,Location False Beliefs,A,A,[[A]],1,,baseline,,
6daef372cde87008,187bb1af613352b0,ec93b8c7a2658e14,ToMi,location-belief,Belief,Location False Beliefs,D,D,[[D]],1,,baseline,,
a5073ebcedf39d73,4a4d12ca9e6c083a,5649f3a07bb9002d,ToMi,location-belief,Belief,Location False Beliefs,C,C,"[[C]]
The story states that ""The lemon is in",1,,baseline,,
1c690730420147fa,ccd52348c5c0280d,e70c6a325496070c,ToMi,location-belief,Belief,Location False Beliefs,D,B,[[B]],0,,baseline,,
c8263519fcaf1034,60d60ed40b2ac827,cd4c8cb84dda927c,ToMi,location-belief,Belief,Location False Beliefs,C,C,[[C]],1,,baseline,,
8978170882db84a9,897206708398f52e,3ee2444b0ed1759e,ToMi,location-belief,Belief,Location False Beliefs,D,A,"[[A]]
The story states that Jayden moved the sweater",0,,baseline,,
474418d88cfed0f6,0ed39ccac2f8be4f,cd4c8cb84dda927c,ToMi,location-belief,Belief,Location False Beliefs,D,A,[[A]],0,,baseline,,
3cc6199a67d98912,1a68675f6862a58c,bdc97ba52e748a31,ToMi,location-belief,Belief,Location False Beliefs,B,C,[[C]],0,,baseline,,
8fd9d354fc5e38a3,43c292656db8f7f7,fbb356e7e8b88c31,ToMi,location-belief,Belief,Location False Beliefs,C,C,[[C]],1,,baseline,,
cfd55f1ae848f68d,6b8471eac47cad5a,5e9027339dcdfc13,ToMi,location-belief,Belief,Location False Beliefs,A,A,[[A]],1,,baseline,,
4de795df0c1882d8,882f08b918ab0fb6,6999973ea98d74e2,ToMi,location-belief,Belief,Location False Beliefs,A,A,[[A]],1,,baseline,,
b4d8a72908a18c9d,1707fc583ef88697,4ee6686742ece8ef,ToMi,location-belief,Belief,Location False Beliefs,D,C,"[[C]]
The most likely answer is C. bucket based",0,,baseline,,
7dfebac5a800750d,33554f5b6e0c7f55,91ba05cfb5511fc6,ToMi,location-belief,Belief,Location False Beliefs,C,C,[[C]],1,,baseline,,
96fcde0fdbef5f04,faceba27b77f5ba9,a6062b860e2c30d6,ToMi,location-belief,Belief,Location False Beliefs,A,B,[[B]],0,,baseline,,
f418d31f9a2c94d5,860a3c5ff0a8666c,e54fae60b96cee4a,ToMi,location-belief,Belief,Location False Beliefs,B,B,[[B]],1,,baseline,,
597a99493ee321dc,3fe964e50177499e,4c4b02a5cb04f0e6,ToMi,location-belief,Belief,Location False Beliefs,B,B,[[B]],1,,baseline,,
8452e641b839d932,66d9fe69c03f66a3,7024e1fe1cce3a02,ToMi,location-belief,Belief,Location False Beliefs,C,C,[[C]],1,,baseline,,
5c6bee8a825bd7b7,5acc919d810b6ce6,531300afac3c0e76,ToMi,location-belief,Belief,Location False Beliefs,A,B,[[B]],0,,baseline,,
5fb80b6d1a99a8e1,fa12e598b39ef5d1,ac4180de96ad8b74,ToMi,location-belief,Belief,Location False Beliefs,C,A,[[A]],0,,baseline,,
1bde7a3f5133c40c,f55237db88e3f3e1,641a2ee71f3a103a,ToMi,location-belief,Belief,Location False Beliefs,A,A,[[A]],1,,baseline,,
9af026803266bc9c,4d994d396f103879,9d0dbbd4f916effe,ToMi,location-belief,Belief,Location False Beliefs,D,D,[X] [[D]],1,,baseline,,
892aa3e07a9f63a6,5a4199e8254a163a,294f456aa01cbc4d,ToMi,location-belief,Belief,Location False Beliefs,D,D,[[D]],1,,baseline,,
bf5e0b68e54f9b40,d2e941033f76a761,fc80f90bb4bd0ac8,ToMi,location-belief,Belief,Location False Beliefs,C,C,[[C]],1,,baseline,,
5807065b47d1e902,8a4db4bf7ea02bcd,542ca940cae1ff37,ToMi,location-belief,Belief,Location False Beliefs,B,B,[[B]],1,,baseline,,
c665138a74ac419e,4f5d28e55c66595c,87e3b0eb339f1282,ToMi,location-belief,Belief,Location False Beliefs,A,A,[[A]],1,,baseline,,
6c6687e8f02a8d62,a0e839e0525fca29,87ec52c2ea12eb19,ToMi,location-belief,Belief,Location False Beliefs,A,A,[[A]],1,,baseline,,
6871a78b9b7f26da,380ef71859650e0e,f1605950a2f32293,ToMi,location-belief,Belief,Location False Beliefs,B,B,[[B]],1,,baseline,,
9a809992fd957871,c19a977617347bb9,549820ed1872c2f7,ToMi,location-belief,Belief,Location False Beliefs,D,B,"[[B]]
The story states that ""Jack moved the dress",0,,baseline,,
321a32e07f6af59f,397e93a222417fc3,ba323ccd238bc4fd,ToMi,location-belief,Belief,Location False Beliefs,C,C,"[[C]]
The story indicates that James moved the cucumber from",1,,baseline,,
b38f48c148dd9287,886c11f463c1ec4c,41c6107ada559354,ToMi,location-belief,Belief,Location False Beliefs,B,B,[[B]],1,,baseline,,
c41daa1de1719d47,c7648898ddb4f9fc,4c9927bba64e3866,ToMi,location-belief,Belief,Location False Beliefs,B,B,[[B]],1,,baseline,,
13580580e0731614,50e62bf024f986dc,6b43bf7459803848,ToMi,location-belief,Belief,Location False Beliefs,D,C,[[C]],0,,baseline,,
0e9bb27bb800c06d,4699bb41e68d7ac4,d283a59c0aa95545,ToMi,location-belief,Belief,Location False Beliefs,D,D,[[D]],1,,baseline,,
18d7b2eb595319c1,3d6c7317498c10cf,6f37579750fb0dab,ToMi,location-belief,Belief,Location False Beliefs,D,D,"[[D]]
The story states that Ethan moved the slippers",1,,baseline,,
67d8808f33928ca7,091a944741ed4d0d,39dcd6f9672eb10e,ToMi,location-belief,Belief,Location False Beliefs,D,D,[[D]],1,,baseline,,
bcd3f425b6b1bcb9,5f437ecd3b2f7234,9ddd8eb7b9bab026,ToMi,location-belief,Belief,Location False Beliefs,A,C,[[C]],0,,baseline,,
22a02194afa5b2e5,8de59db76f4d5b68,5373d1170aef2a45,ToMi,location-belief,Belief,Location False Beliefs,D,D,"[[D]]
The story states that Lily moved the onion to",1,,baseline,,
c0ff420492dfd6d4,4ee655da962ad15d,6c67028d3ce69f48,ToMi,location-belief,Belief,Location False Beliefs,A,A,[[A]],1,,baseline,,
1f673acf4c54d933,fce0b27a03997f11,bce0f208875f8c30,ToMi,location-belief,Belief,Location False Beliefs,D,C,[[C]],0,,baseline,,
4a7c70a8d4c2ac40,e04176be27c2025a,6999973ea98d74e2,ToMi,location-belief,Belief,Location False Beliefs,D,C,"[[C]]
The most likely answer is C, ""basket",0,,baseline,,
bce504b8379f09a7,474c8ff1d69ac8d7,43bd46504c000d7e,ToMi,location-belief,Belief,Location False Beliefs,C,C,[[C]],1,,baseline,,
0fa7c35a684bd435,0fffe67583c7875c,5337537a85685044,ToMi,location-belief,Belief,Location False Beliefs,C,C,[[C]],1,,baseline,,
2ea224f3f9f2d3b5,ff4f6e63b259f671,e602cdcbe4d51a04,ToMi,location-belief,Belief,Location False Beliefs,B,B,[[B]],1,,baseline,,
183c5308713ad700,67cd6569ad934c52,5cd556c85ee3ee83,ToMi,location-belief,Belief,Location False Beliefs,B,B,[[B]],1,,baseline,,
4eb32f5f1d0b8f0a,024253b34b809a33,02640dc17ac13ed8,ToMi,location-belief,Belief,Location False Beliefs,B,A,"[[A]]
The story states that James moved the trousers to",0,,baseline,,
812dc27495214305,4e7e93634e64d5c6,cabe4a059bd5b2bb,ToMi,location-belief,Belief,Location False Beliefs,A,B,[[B]],0,,baseline,,
504a3ad87e927b22,d44c526bf8bebea1,a08114fac6afbf43,ToMi,location-belief,Belief,Location False Beliefs,A,A,[[A]],1,,baseline,,
17f4c267985072f9,7941985aec0754ed,bdc97ba52e748a31,ToMi,location-belief,Belief,Location False Beliefs,A,A,"[[A]]
The story states that ""Mia moved the",1,,baseline,,
8f43e630d8c97cba,50f0b4b98d158208,7eb79d6d487fa18e,ToMi,location-belief,Belief,Location False Beliefs,D,D,[[D]],1,,baseline,,
109a5e65feaa14af,f7f3ff8e97697e62,3cf743c98a846035,ToMi,location-belief,Belief,Location False Beliefs,C,C,[[C]],1,,baseline,,
2ef234708199f8ef,efca979789b8fc67,dcd43856a4cb5bd3,ToMi,location-belief,Belief,Location False Beliefs,A,A,[[A]],1,,baseline,,
a1544e71a1038130,478dac1c4d60b586,51b73a6a67f34424,ToMi,location-belief,Belief,Location False Beliefs,D,D,[[D]],1,,baseline,,
ba24e339a6ac14ac,0f86b52da8404e73,f454c7b9fdecd8e3,ToMi,location-belief,Belief,Location False Beliefs,B,B,[[B]],1,,baseline,,
358218deeb26e9ee,57d35e7a623120d0,35260492f7e9eb18,ToMi,location-belief,Belief,Location False Beliefs,B,B,"[[B]]
The story states ""The radish is in",1,,baseline,,
794fe90e41bc156a,e9f80a1f4b261b0c,2c2979c6a83476f6,ToMi,location-belief,Belief,Location False Beliefs,C,C,[[C]],1,,baseline,,
20371d2f3d89d62a,498221a0b0eafca6,32d4f52395d79179,ToMi,location-belief,Belief,Location False Beliefs,A,B,[[B]],0,,baseline,,
fb0914d0ffd2055b,9ce6487a4cedb7b5,75e7a5cb99114d52,ToMi,location-belief,Belief,Location False Beliefs,C,C,[[C]],1,,baseline,,
be119a243e065064,629e6414b452e1b5,c6129e09658a3737,ToMi,location-belief,Belief,Location False Beliefs,C,C,"[[C]]
The cabbage is in the container at the beginning",1,,baseline,,
36e22a5de4ecefc1,7bb41422e5a4e77f,260cf8a6fb6c7e9f,ToMi,location-belief,Belief,Location False Beliefs,A,A,[[A]],1,,baseline,,
9911644ec9fc3702,0110aa1294a38c18,cc160e406d2770e2,ToMi,location-belief,Belief,Location False Beliefs,A,C,"[[C]]
The most likely answer is C because Jacob was",0,,baseline,,
31c688845cfd463e,4dbb14636ff30997,d8b30db7e2e1768c,ToMi,location-belief,Belief,Location False Beliefs,A,E,[E],0,,baseline,,
c006d661bb0d6faf,fe7c0c72d12775d8,7fc88b10bf540ff6,ToMi,location-belief,Belief,Location False Beliefs,B,C,"[[C]]
The story indicates that Amelia moved the melon",0,,baseline,,
f2a0a4ded8da6782,d7b9390e2f9807ef,3b65399a0b4cc9c9,ToMi,location-belief,Belief,Location False Beliefs,C,C,[[C]],1,,baseline,,
ea81b02a4ff5343e,abcdb3b4e558c099,e73b2cc4e5276955,ToMi,location-belief,Belief,Location False Beliefs,D,D,[[D]],1,,baseline,,
6966a66b608cf13e,c776291838cd1b89,fbb356e7e8b88c31,ToMi,location-belief,Belief,Location False Beliefs,A,A,[[A]],1,,baseline,,
6bf3087effca5780,cb1e2248488a4bcc,03b151dc2f3dfffc,ToMi,location-belief,Belief,Location False Beliefs,B,B,[[B]],1,,baseline,,
783e0abd8613b94f,cd5c0ea337c45ca6,9baa2efa162a6199,ToMi,location-belief,Belief,Location False Beliefs,B,B,[[B]],1,,baseline,,
b60adc3c38d45305,b133275e9e652cb6,352c57b866592423,ToMi,location-belief,Belief,Location False Beliefs,B,B,[[B]],1,,baseline,,
854a5c57b2f000bb,830f71d373448f4a,ceabd753e37ec53b,ToMi,location-belief,Belief,Location False Beliefs,D,D,[[D]],1,,baseline,,
05a1f5ca98b07593,8da7b7497892c086,8e1eaa2ef0878b7a,ToMi,location-belief,Belief,Location False Beliefs,C,C,[[C]],1,,baseline,,
03aa54e77ffdd5cf,e690a31bd901fe3c,294f456aa01cbc4d,ToMi,location-belief,Belief,Location False Beliefs,A,A,[[A]],1,,baseline,,
dacf4a1fb6487c27,8113e4f93efba60e,5d6a98a57671f68a,ToMi,location-belief,Belief,Location False Beliefs,B,B,[[B]],1,,baseline,,
3416f73f46b70087,6fe1078e509fe71b,352c57b866592423,ToMi,location-belief,Belief,Location False Beliefs,D,C,[[C]],0,,baseline,,
e2674134fcac9cf3,e534e5cf775dd233,43bd46504c000d7e,ToMi,location-belief,Belief,Location False Beliefs,C,C,[[C]],1,,baseline,,
55987f405bbe9c03,8a5332db13afdd0c,ac5704a0102c4192,ToMi,location-belief,Belief,Location False Beliefs,D,B,"[[B]]
[[C]]
[[A]]
[[D]]
",0,,baseline,,
d796a7e148b7d6bc,7598d86f4549ac6b,3573876fbf041ee1,ToMi,location-belief,Belief,Location False Beliefs,C,C,[[C]],1,,baseline,,
dcfb523aee27fa8b,8f177ffb2af1cad0,2ba924cdbfd46d60,ToMi,location-belief,Belief,Location False Beliefs,C,C,[[C]],1,,baseline,,
6b029fdd826fe3d5,bc5e6c2afbe150ec,6415f8e9946ac682,ToMi,location-belief,Belief,Location False Beliefs,B,B,"[[B]]
The story states that Emily moved the celery from",1,,baseline,,
58d544c27716c091,6323e722a2b6498c,452e9fd7f1a13dae,ToMi,location-belief,Belief,Location False Beliefs,B,B,[[B]],1,,baseline,,
4953467ad4fd49f9,51511cfe6bfe144b,774c60733d81eae2,ToMi,location-belief,Belief,Location False Beliefs,A,C,[[C]],0,,baseline,,
38e7fab39bbd2363,28ccb658f817c78c,c2050332f43bd996,ToMi,location-belief,Belief,Location False Beliefs,C,A,"[[A]]
The story states that Abigail moved the shoes",0,,baseline,,
e8775c756d1499ac,4932f92ceb556422,30958edc662a4573,ToMi,location-belief,Belief,Location False Beliefs,D,A,"[[A]]
[[B]]
[[C]]
[[D]]",0,,baseline,,
853275bbca6aad41,ab679386f07b82d4,5de647a30871e3f3,ToMi,location-belief,Belief,Location False Beliefs,D,D,[[D]],1,,baseline,,
3ae86c059f9d929b,ef074aa1a0a2e5a4,302fd7f445871221,ToMi,location-belief,Belief,Location False Beliefs,D,C,[X] [[C]],0,,baseline,,
43c04aca83674173,4998424ae6b51052,064125283e5bb2d4,ToMi,location-belief,Belief,Location False Beliefs,C,C,"[[C]]
The most logical place for Isla to look",1,,baseline,,
362a76007c74d10a,76ec9fa7ded44819,302fd7f445871221,ToMi,location-belief,Belief,Location False Beliefs,C,C,[[C]],1,,baseline,,
33571909c3ed5e52,4beb5ab36656805f,4a98b7135ff42bae,ToMi,location-belief,Belief,Location False Beliefs,C,B,"[[B]]
[[C]]",0,,baseline,,
e590f9b3c2ffb588,4c02982ded618ba9,c85658a7586533a0,ToMi,location-belief,Belief,Location False Beliefs,C,C,[[C]],1,,baseline,,
37a87b8ebe460692,c4cfc15fd08d71d6,c07249833fbb2c88,ToMi,location-belief,Belief,Location False Beliefs,A,B,[[B]],0,,baseline,,
200e0b63e15ba372,cb945001f5e29610,78075086b12ac628,ToMi,location-belief,Belief,Location False Beliefs,A,A,[[A]],1,,baseline,,
14a9e7fd8f47a642,ac45132ed0344f6d,019f58ae5c83c80e,ToMi,location-belief,Belief,Location False Beliefs,C,C,[[C]],1,,baseline,,
01931b8d978953b6,c9808aedf0448126,ceabd753e37ec53b,ToMi,location-belief,Belief,Location False Beliefs,B,B,[[B]],1,,baseline,,
3a75ecb66539d67d,20462fab2f2d656b,73da2cb57314a4d8,ToMi,location-belief,Belief,Location False Beliefs,B,B,[[B]],1,,baseline,,
1da614a51cf2f785,e1f4518e6021f9be,593033528023e03c,ToMi,location-belief,Belief,Location False Beliefs,D,D,"[[D]]
The onion was initially in the basket as stated",1,,baseline,,
ffe0510cf7079f1a,25ad6c4ce964c1f2,6b5fb33fdb6986fc,ToMi,location-belief,Belief,Location False Beliefs,D,D,[[D]],1,,baseline,,
0dc498c71f58e737,2db51b48f93be666,5c68ca8593ded098,ToMi,location-belief,Belief,Location False Beliefs,C,A,"[[A]]
The story states that Chloe moved the watermelon",0,,baseline,,
f9b714d2cf76ce60,202fca571efa8130,40fc803d8e679131,ToMi,location-belief,Belief,Location False Beliefs,B,B,"[[B]]
The story states that Charlotte moved the green_pe",1,,baseline,,
38e8357d7ab81e3c,d4459c08923f78c4,aa46d0ca83835394,ToMi,location-belief,Belief,Location False Beliefs,B,B,"[[B]]
The story states that Charlotte moved the peach from",1,,baseline,,
70fac4c2ead2cb3b,4e1755135669a478,69fa9b96e1d1a1c5,ToMi,location-belief,Belief,Location False Beliefs,C,C,[[C]],1,,baseline,,
120ee8dadbfe3b31,051d61ae6dc947bb,a52aea409fdd793d,ToMi,location-belief,Belief,Location False Beliefs,B,A,"[[A]]
The story states that ""The peas is in",0,,baseline,,
9ecb391a6aef0d26,3910094496be65d8,1e7b4dd94632cf58,ToMi,location-belief,Belief,Location False Beliefs,D,D,[[D]],1,,baseline,,
3c2169ef3d9a4f7b,63187c349fb6d810,5ee2fcafda0bc7f0,ToMi,location-belief,Belief,Location False Beliefs,C,C,[[C]],1,,baseline,,
3de55cb67d5897c2,34e37584dcb76771,968691bdd6d9a45c,ToMi,location-belief,Belief,Location False Beliefs,D,C,[[C]],0,,baseline,,
0a7230e4ba234e00,aab333378ba0380f,5d6a98a57671f68a,ToMi,location-belief,Belief,Location False Beliefs,D,A,"[[A]]
The story indicates that the green_pepper was",0,,baseline,,
30a4d22f469ebe7b,30f03f6526604866,d684fab456b1aa9c,ToMi,location-belief,Belief,Location False Beliefs,D,D,[[D]],1,,baseline,,
7f360668434e3621,9ba193f03a2664c4,c6129e09658a3737,ToMi,location-belief,Belief,Location False Beliefs,B,B,[[B]],1,,baseline,,
ae1e6db99eeea402,3048ecc96d07f2d6,a9909c87812b1c34,ToMi,location-belief,Belief,Location False Beliefs,C,C,[[C]],1,,baseline,,
58de92d9c3269db7,5df3954a9fa33f37,41767c159d5e0ba2,ToMi,location-belief,Belief,Location False Beliefs,C,C,"[[C]]
The most likely answer is C because Ava moved",1,,baseline,,
786c37288c9d7b77,48333c649b6695ac,07a05ec0166ac978,ToMi,location-belief,Belief,Location False Beliefs,A,B,[[B]],0,,baseline,,
738eca264e09decd,e6fca683b15dd5c6,b3c21e6d4e03a389,ToMi,location-belief,Belief,Location False Beliefs,B,B,[[B]],1,,baseline,,
25d26c55a62f2de7,226dc80b5e093b3d,869aa61bc93653b4,ToMi,location-belief,Belief,Location False Beliefs,A,A,[[A]],1,,baseline,,
cb46890085ee1ac2,119a85e1cb98cb65,dd0bf2cce0247832,ToMi,location-belief,Belief,Location False Beliefs,B,B,[[B]],1,,baseline,,
4443d597c1accadc,98f8da83695d5289,23911dec5d4cac5c,ToMi,location-belief,Belief,Location False Beliefs,D,D,[[D]],1,,baseline,,
2c84aa4fb5fc3101,e46f52d7b4cf2f76,b3c21e6d4e03a389,ToMi,location-belief,Belief,Location False Beliefs,A,A,[[A]],1,,baseline,,
4436319bc58db742,9ae05f6c614c6f6f,8af87ed12146b522,ToMi,location-belief,Belief,Location False Beliefs,B,B,[[B]],1,,baseline,,
4150bafb4b63bb5e,37c78c5cd995a755,d91c37e3514c6431,ToMi,location-belief,Belief,Location False Beliefs,D,C,"[[C]]
The story states that Hannah moved the jeans to",0,,baseline,,
a595d2830e8d90ee,f3f7db54d2b49c0b,5b9de87e4a11bdac,ToMi,location-belief,Belief,Location False Beliefs,D,D,[[D]],1,,baseline,,
eb69ba7228f7a470,6c58e62f8f9380ce,6b21040fc8f6d369,ToMi,location-belief,Belief,Location False Beliefs,C,A,[[A]],0,,baseline,,
620661c278781d3e,853b7f34fd5a95ba,ce1704a48291eb40,ToMi,location-belief,Belief,Location False Beliefs,A,A,[[A]],1,,baseline,,
7eb458b296491be5,acb53b4e50cfec14,dcd43856a4cb5bd3,ToMi,location-belief,Belief,Location False Beliefs,C,C,[[C]],1,,baseline,,
f61513b1ef7bc69e,98a3756c68bd9fde,199ef6aac1ceb154,ToMi,location-belief,Belief,Location False Beliefs,C,C,"[[C]]
The story states ""Carter moved the under",1,,baseline,,
198691eb83b81042,5604aa4098488972,f43f252aa039aad9,ToMi,location-belief,Belief,Location False Beliefs,C,C,[[C]],1,,baseline,,
f73bb19b7e169fbd,df798b995d3e9dff,ec93b8c7a2658e14,ToMi,location-belief,Belief,Location False Beliefs,B,B,[[B]],1,,baseline,,
d78101c315ef5b0f,5502f6f20c621e18,4a4b5b91e76eeefd,ToMi,location-belief,Belief,Location False Beliefs,C,C,[[C]],1,,baseline,,
0b3730ceebeb89bb,81a5da8b19f4ae31,302fd7f445871221,ToMi,location-belief,Belief,Location False Beliefs,B,B,[[B]],1,,baseline,,
62dc67448cddbb8e,84ed2df8669da59a,8dbc1bc461bdad94,ToMi,location-belief,Belief,Location False Beliefs,A,A,"[[A]]
[[B]]
[[C]]
[[D]]",1,,baseline,,
c19079e9cae37647,ea688501132e549f,a60f6b5f521e9651,ToMi,location-belief,Belief,Location False Beliefs,C,C,[[C]],1,,baseline,,
01b8d1b0cdfbd0d9,3ff75f529a04981a,cc160e406d2770e2,ToMi,location-belief,Belief,Location False Beliefs,A,A,[[A]],1,,baseline,,
cfa6770b62d5ab9c,66a973c5ed9ffc02,452e9fd7f1a13dae,ToMi,location-belief,Belief,Location False Beliefs,A,A,[[A]],1,,baseline,,
c5ba246a3ed5e66a,69786d9c4ca74867,13e572815f8a782f,ToMi,location-belief,Belief,Location False Beliefs,C,C,[[C]],1,,baseline,,
b291da3cd9df6c8e,265448b6bcae16a8,8e1eaa2ef0878b7a,ToMi,location-belief,Belief,Location False Beliefs,B,A,[[A]],0,,baseline,,
e98296709bbaec98,dd3d2bd58dd16882,adf1a76fca434360,ToMi,location-belief,Belief,Location False Beliefs,C,C,[[C]],1,,baseline,,
004d54e1022a8552,10d1006e5b1384a8,f841d1843ce2ea8c,ToMi,location-belief,Belief,Location False Beliefs,B,B,[[B]],1,,baseline,,
b0762967cded75c2,eb0e7cfa1ed85669,a19fe16a594224a7,ToMi,location-belief,Belief,Location False Beliefs,D,D,[[D]],1,,baseline,,
760b4271e540b241,29d3f1ce52b23fea,52435beb35a3699e,ToMi,location-belief,Belief,Location False Beliefs,D,C,[[C]],0,,baseline,,
69744a315653af11,26a3585e966a6859,8d5c5656b8edb10d,ToMi,location-belief,Belief,Location False Beliefs,B,B,[[B]],1,,baseline,,
0bb8e74b3b67e038,eec7927e9ecc8934,07a05ec0166ac978,ToMi,location-belief,Belief,Location False Beliefs,D,A,[[A]],0,,baseline,,
e60240cc5cd8bfc8,e0dfe72a31632796,dbdc54eb52526a2b,ToMi,location-belief,Belief,Location False Beliefs,A,A,[[A]],1,,baseline,,
b89aaec01799bb3a,8c45c4857caa781d,c70148237a1a45d9,ToMi,location-belief,Belief,Location False Beliefs,B,B,[[B]],1,,baseline,,
5a0eee5e3b55989f,ad08c64f9c1c8485,ba323ccd238bc4fd,ToMi,location-belief,Belief,Location False Beliefs,D,C,"[[C]]
The story states that James moved the cucumber to",0,,baseline,,
7563e32447cf78c3,93b2020bb427bb96,861ba406ba1c69b4,ToMi,location-belief,Belief,Location False Beliefs,B,B,"[[B]]
The eggplant was initially in the crate,",1,,baseline,,
673012f4e9d9d6c2,81ac273bb7cfe6a9,bd02d5cffe35eca9,ToMi,location-belief,Belief,Location False Beliefs,B,B,[[B]],1,,baseline,,
70dabc77b0b3462f,65c088387f234fd9,db58fd4328742382,ToMi,location-belief,Belief,Location False Beliefs,C,C,[[C]],1,,baseline,,
934192d20e210a23,2c0415f59a8dc5d7,fd4c271911e7a110,ToMi,location-belief,Belief,Location False Beliefs,B,B,[[B]],1,,baseline,,
fe352e051ae47dec,5b21f288e9bffcb3,e6f7caa0b0a8e2eb,ToMi,location-belief,Belief,Location False Beliefs,C,C,"[[C]]
The most likely answer is C because Elizabeth saw",1,,baseline,,
c8e8a958357e7c42,377a913155b70eea,1cb1a19f4c9e9563,ToMi,location-belief,Belief,Location False Beliefs,C,C,[[C]],1,,baseline,,
1c6d0f26905e79d2,d5791866c2a2db10,5bfdc1b4f6c475fd,ToMi,location-belief,Belief,Location False Beliefs,C,C,"[[C]]
The story states that Abigail moved the as",1,,baseline,,
c04a4bac08dd2620,bece927c4e04437e,6fcc1ed037979218,ToMi,location-belief,Belief,Location False Beliefs,C,A,"[[A]]
The story states that Abigail moved the potato",0,,baseline,,
ba1760ba281f5519,14a37007a77c88b3,053069b0a6c0acc4,ToMi,location-belief,Belief,Location False Beliefs,A,B,"[[B]]
[[B]]",0,,baseline,,
51e7250d539252eb,e926665acaad0b78,84a998c203e9294d,ToMi,location-belief,Belief,Location False Beliefs,B,A,"[[A]]
The story states that Ethan moved the cherry to",0,,baseline,,
207a1639afc53f13,30f23515df158a5c,d9c1f8f5027aede4,ToMi,location-belief,Belief,Location False Beliefs,B,B,"[[B]]
The story states that Lucas moved the corn to",1,,baseline,,
71f9f9103f08d6ad,d9fe35c33784e6f1,199ef6aac1ceb154,ToMi,location-belief,Belief,Location False Beliefs,C,A,[[A]],0,,baseline,,
72493c11ba5e55e5,b097a584a0856fa5,4b77b30b3565b03a,ToMi,location-belief,Belief,Location False Beliefs,C,C,"[[C]]
The story states that Isla moved the lettuce",1,,baseline,,
122f6d12d3ffc647,7eda1d67e5f5dce5,a014651512abd5db,ToMi,location-belief,Belief,Location False Beliefs,D,A,"[[A]]
Explanation: In the story, it is mentioned",0,,baseline,,
51cb6fac282490a2,27be4b1e6128aba2,43bd46504c000d7e,ToMi,location-belief,Belief,Location False Beliefs,C,C,[[C]],1,,baseline,,
87c0e7331c995eb5,8fc480d276f2b5d9,02640dc17ac13ed8,ToMi,location-belief,Belief,Location False Beliefs,A,A,[[A]],1,,baseline,,
24cb6f2bdeccef52,8700fcbdb2bf6a07,ed0b0baee3229a2e,ToMi,location-belief,Belief,Location False Beliefs,D,A,"[[A]]
The story states that ""The lime is in",0,,baseline,,
fc8140ef0be39518,651d3baad6dd9ecb,31ebe66b60690f9e,ToMi,location-belief,Belief,Location False Beliefs,A,B,[[B]],0,,baseline,,
f4af83b85f95cd04,46608a98193254b1,a00d1e30077d2b0f,ToMi,location-belief,Belief,Location False Beliefs,B,B,[[B]],1,,baseline,,
af5527496d41b7b0,6c5263d87a1c7cdf,d8c73567b1836d8a,ToMi,location-belief,Belief,Location False Beliefs,C,C,[[C]],1,,baseline,,
0ffbea8ef66e95a2,2bce15fe67cb8378,4fc990120b4d39a5,ToMi,location-belief,Belief,Location False Beliefs,A,E,[E],0,,baseline,,
99861c39b1aa2e82,45f9e5f78cab7970,41767c159d5e0ba2,ToMi,location-belief,Belief,Location False Beliefs,D,D,[[D]],1,,baseline,,
df70a7ad8d739cb3,80c4eb7158c227da,5ee2fcafda0bc7f0,ToMi,location-belief,Belief,Location False Beliefs,D,D,[[D]],1,,baseline,,
6a762959e86e06ea,b7188925ef28ed04,2b5ad4a03214a6fc,ToMi,location-belief,Belief,Location False Beliefs,B,B,[[B]],1,,baseline,,
b2df3dafbcd1e855,bda506004109ad83,b4895ad78804bd44,ToMi,location-belief,Belief,Location False Beliefs,D,D,[[D]],1,,baseline,,
fed0671338338303,ccdaae33c95b6a94,f5415aa2644ad52d,ToMi,location-belief,Belief,Location False Beliefs,B,B,[[B]],1,,baseline,,
ac8db09290284bdd,a62bdc847e2a992e,217098b24bb09fac,ToMi,location-belief,Belief,Location False Beliefs,A,B,[[B]],0,,baseline,,
e2e38b44086e6e24,5439603a54ef97fb,3ca44239cf4fd8f9,ToMi,location-belief,Belief,Location False Beliefs,B,C,[[C]],0,,baseline,,
9b1627d3c96e89c2,8995263b6f4526c0,23911dec5d4cac5c,ToMi,location-belief,Belief,Location False Beliefs,B,B,[[B]],1,,baseline,,
a46b5a695b48195f,b65bac6b4faeec9f,d314e475d59d9b54,ToMi,location-belief,Belief,Location False Beliefs,A,A,[[A]],1,,baseline,,
6e5b967e8ad54f95,ae8b5097688b7421,6d85ce7f44259489,ToMi,location-belief,Belief,Location False Beliefs,A,A,[[A]],1,,baseline,,
e70bc729c30801a1,fc7033896b45e8cc,87623798e3676186,ToMi,location-belief,Belief,Location False Beliefs,D,D,[[D]],1,,baseline,,
25eaf3833f25c536,7dfb90f945577d99,4cb8fc241b2a123a,ToMi,location-belief,Belief,Location False Beliefs,B,B,[[B]],1,,baseline,,
630158d05eaaff50,e11eb399d9a93ef4,51c2c76072d0d3a3,ToMi,location-belief,Belief,Location False Beliefs,D,D,[[D]],1,,baseline,,
4d03df58635a010b,48a6fb464abea71a,a60f6b5f521e9651,ToMi,location-belief,Belief,Location False Beliefs,B,B,[[B]],1,,baseline,,
da3d89feb02cb20c,3e0083f46a115440,bfeec68ed81dd294,ToMi,location-belief,Belief,Location False Beliefs,C,C,[[C]],1,,baseline,,
b187a20e40500cfd,d58c4c4351cc5da2,8644f3d126ff1d7f,ToMi,location-belief,Belief,Location False Beliefs,C,C,[[C]],1,,baseline,,
84dc6a53c0d1f32b,82cd730d777ed72a,87623798e3676186,ToMi,location-belief,Belief,Location False Beliefs,D,D,"[[D]]
The story states ""The underclothes is",1,,baseline,,
6a00bdc3676441d6,c601372acbb65c2b,b4954ed6b4c3eb85,ToMi,location-belief,Belief,Location False Beliefs,D,D,[[D]],1,,baseline,,
8dc7a8791ade0a92,68663591f1515c9d,1ca1a46708adcb79,ToMi,location-belief,Belief,Location False Beliefs,B,B,"[[B]]
The story states ""The gloves is in the",1,,baseline,,
f43e584f0acb4441,f869d3f01b66e375,7556df8821b79884,ToMi,location-belief,Belief,Location False Beliefs,B,B,[[B]],1,,baseline,,
0b33d7200e9bd607,72325abcb16f5535,d25a03fcb68129a1,ToMi,location-belief,Belief,Location False Beliefs,C,B,"[[B]]
Explanation: According to the story, James moved",0,,baseline,,
ead86816ae1841e2,9e42190c1f0b0b66,991b83bd8d150df7,ToMi,location-belief,Belief,Location False Beliefs,A,A,[[A]],1,,baseline,,
a284637809ee4ec0,d76874d6a3865e87,593033528023e03c,ToMi,location-belief,Belief,Location False Beliefs,D,D,"[[D]]
The story states that Olivia moved the onion to",1,,baseline,,
9707a9c9c979d539,323fd25e07e230ed,7222a453c5c5d02a,ToMi,location-belief,Belief,Location False Beliefs,A,A,[[A]],1,,baseline,,
438106296a5656e9,1e1c31f6a89bfc1c,6fcc1ed037979218,ToMi,location-belief,Belief,Location False Beliefs,A,A,[[A]],1,,baseline,,
94e71fffb92fc72b,b2848700c6103b21,9ddd8eb7b9bab026,ToMi,location-belief,Belief,Location False Beliefs,C,C,[[C]],1,,baseline,,
6554550aa7b53cef,92f71f428b2d88c7,dbdc54eb52526a2b,ToMi,location-belief,Belief,Location False Beliefs,C,C,[[C]],1,,baseline,,
736651af0687e17f,c88ff53b2ec92f86,a6062b860e2c30d6,ToMi,location-belief,Belief,Location False Beliefs,D,D,"[[D]]
The story states ""The green_pepper is",1,,baseline,,
ec1096a42a801ae0,186cac9b61dd3893,3ca44239cf4fd8f9,ToMi,location-belief,Belief,Location False Beliefs,C,C,[[C]],1,,baseline,,
fa79675ae60abcc4,fd2d1fa7f6fdcaba,4ee6686742ece8ef,ToMi,location-belief,Belief,Location False Beliefs,A,A,[[A]],1,,baseline,,
de1fd3e7dd2e5b32,af236b81773663b3,674ca378123594d5,ToMi,location-belief,Belief,Location False Beliefs,D,B,[[B]],0,,baseline,,
e9492be24d35c64c,6c167f7a02b32cb5,e73b2cc4e5276955,ToMi,location-belief,Belief,Location False Beliefs,A,A,[[A]],1,,baseline,,
67656ae6802aa6ea,99b1a1d7b037ee07,cabe4a059bd5b2bb,ToMi,location-belief,Belief,Location False Beliefs,A,A,[[A]],1,,baseline,,
4769e5dc91bd3da3,d4f10e14c7ee2bb6,ec0a52da7fd0e39b,ToMi,location-belief,Belief,Location False Beliefs,C,C,[[C]],1,,baseline,,
e5c3e2312f73e1ff,1e3485277d6514fa,d2db3f46060f6462,ToMi,location-belief,Belief,Location False Beliefs,B,B,[[B]],1,,baseline,,
ae2b8724e27e5407,1bfc15c0d66fa480,8005c5c29283aa70,ToMi,location-belief,Belief,Location False Beliefs,B,B,[[B]],1,,baseline,,
fdec463dfa9a5b35,3444db5c0ff74075,2915e9d7c991f12e,ToMi,location-belief,Belief,Location False Beliefs,A,B,"[[B]]
The story indicates that Emma moved the undersh",0,,baseline,,
2ed6c915011c1a2a,ac403125bde8c98b,4ca0a8b45ba90107,ToMi,location-belief,Belief,Location False Beliefs,B,B,[[B]],1,,baseline,,
f0d34d96f64b9fea,cfb0fb7051fecf50,00479b8ac985cd52,ToMi,location-belief,Belief,Location False Beliefs,D,A,[[A]],0,,baseline,,
939cc72fb2ea75e2,177b7a71e1eb0a57,8005c5c29283aa70,ToMi,location-belief,Belief,Location False Beliefs,A,A,[[A]],1,,baseline,,
1669c6d1f2a3cabc,1df64966c35290df,87ec52c2ea12eb19,ToMi,location-belief,Belief,Location False Beliefs,D,D,[[D]],1,,baseline,,
0baae4c7ec2b6071,7d3535ed02241773,ace4d1b0c1aff57e,ToMi,location-belief,Belief,Location False Beliefs,C,C,[[C]],1,,baseline,,
f7ee788ebc9bcf63,98f1a96adf9df052,8d0a220cc20f95e8,ToMi,location-belief,Belief,Location False Beliefs,A,A,[[A]],1,,baseline,,
d6f941ff7b13a5c4,11c149725bc44e43,bd02d5cffe35eca9,ToMi,location-belief,Belief,Location False Beliefs,B,B,[[B]],1,,baseline,,
c54cfb9316ab81ec,1368697728b3ec7a,7f6d4544d65ac3c1,ToMi,location-belief,Belief,Location False Beliefs,C,C,[[C]],1,,baseline,,
7797faf38d18a26e,65a0c2985ddefb1a,ccb5e9d68914771b,ToMi,location-belief,Belief,Location False Beliefs,C,C,[[C]],1,,baseline,,
b434c0d95f588102,9db79481f4202178,9e8e5ef97e42c43f,ToMi,location-belief,Belief,Location False Beliefs,C,C,[[C]],1,,baseline,,
e50c9a9144b4fe34,1c04c5120d24deb0,d8b40574fa9de450,ToMi,location-belief,Belief,Location False Beliefs,C,C,"[[C]]
The story states that Jackson moved the shirt to",1,,baseline,,
47a4a6269d264578,ddcf0f450889b2b1,873d7479314fe0fe,ToMi,location-belief,Belief,Location False Beliefs,A,A,[[A]],1,,baseline,,
eceeedc3f2304fa0,8cbb622c5fb3f22c,b1afb04f22b62460,ToMi,location-belief,Belief,Location False Beliefs,C,C,[X] [[C]],1,,baseline,,
f484c04151ad1a72,6876ecf8ed735b44,4a4b5b91e76eeefd,ToMi,location-belief,Belief,Location False Beliefs,D,A,"[[A]]
The story states that ""Carter moved the",0,,baseline,,
1ad6f1dd3de40634,92e6d0160b1dd388,d66e0854f5149d4c,ToMi,location-belief,Belief,Location False Beliefs,A,B,"[[B]]
[[C]]
[[D]]
The story states",0,,baseline,,
3d44d657a1dbbec8,f4b974a15f7bf62e,11acb80746e12dff,ToMi,location-belief,Belief,Location False Beliefs,A,A,[[A]],1,,baseline,,
278d274b84f8456a,6ab44d58ec978e62,48e35d6bb8526966,ToMi,location-belief,Belief,Location False Beliefs,A,A,[[A]],1,,baseline,,
bb4a957a60087338,445db20d4fed37d2,2915e9d7c991f12e,ToMi,location-belief,Belief,Location False Beliefs,D,D,"[[D]]
Explanation: According to the story, ""The",1,,baseline,,
b0cc72a646cccc8c,6c6f8790e12d01bd,014fff3e5de48e07,ToMi,location-belief,Belief,Location False Beliefs,D,D,[[D]],1,,baseline,,
f15df64d44af704d,5142a45589416328,2f7716214e7a1a9d,ToMi,location-belief,Belief,Location False Beliefs,A,A,[[A]],1,,baseline,,
3c0343d08e84b1b1,6ef34ad62a5ebb8e,0f7d2fb1089434e8,ToMi,location-belief,Belief,Location False Beliefs,D,D,"[[D]]
The story states ""The peas is in the",1,,baseline,,
cf065f7a41f46952,ae9cd87183b5d408,606715f827e6f618,ToMi,location-belief,Belief,Location False Beliefs,D,D,[X] [[D]],1,,baseline,,
b773abfdb073d510,5884d603ecadd280,6cb787df52c5c1ba,ToMi,location-belief,Belief,Location False Beliefs,B,B,"[[B]]
The story states that ""The banana is in",1,,baseline,,
5b7aff3a11b3f023,71014881482547d0,606715f827e6f618,ToMi,location-belief,Belief,Location False Beliefs,A,A,[[A]],1,,baseline,,
1628e8f91ae1a235,d7f4296b97dc43f8,a495509f338caaab,ToMi,location-belief,Belief,Location False Beliefs,A,A,[X] [[A]],1,,baseline,,
20887538a11350fa,da893e4caf817896,61d02d7031c49d8a,ToMi,location-belief,Belief,Location False Beliefs,A,A,[[A]],1,,baseline,,
c537077633a4b546,664059020d14c0af,2f7716214e7a1a9d,ToMi,location-belief,Belief,Location False Beliefs,D,B,"[[B]]
The story states that ""Hunter moved the coat",0,,baseline,,
006c7b297daad941,3cf8683d2bcf4007,563a071e0e6c236d,ToMi,location-belief,Belief,Location False Beliefs,B,B,[[B]],1,,baseline,,
e628233bbc9f67f5,0175a414d96599d8,00479b8ac985cd52,ToMi,location-belief,Belief,Location False Beliefs,A,B,[[B]],0,,baseline,,
e32e23346425466e,76f3921630bd92d7,a797f731dfeccb39,ToMi,location-belief,Belief,Location False Beliefs,D,C,"[[C]]
The story states that ""Jack moved the tie",0,,baseline,,
67986d82e8b8baac,c7656c278139a4ca,7c658b57aa1a1c83,ToMi,location-belief,Belief,Location False Beliefs,A,A,[[A]],1,,baseline,,
bfaa5a1794755b22,d4f7e796de91f9c0,5ee2fcafda0bc7f0,ToMi,location-belief,Belief,Location False Beliefs,D,D,[[D]],1,,baseline,,
4167c3d4567b8911,62192b7dada0073d,a7f37317c9b96e26,ToMi,location-belief,Belief,Location False Beliefs,B,B,[[B]],1,,baseline,,
530fc33078006077,88a3e4ecc662a34a,dd6eeac10cfadb67,ToMi,location-belief,Belief,Location False Beliefs,D,C,"[[C]]
The most likely answer is C because Ava moved",0,,baseline,,
593d5ea320a8e0eb,1a118c6694081df3,f62cf5f8223fd8e1,ToMi,location-belief,Belief,Location False Beliefs,A,B,"[[B]]
The story states that Mason moved the stockings from",0,,baseline,,
d845396042a22ae0,29a967ed955dd116,ccb5e9d68914771b,ToMi,location-belief,Belief,Location False Beliefs,B,A,[[A]],0,,baseline,,
e6c54b4912a35ca8,92b198cf29b5c469,87e3b0eb339f1282,ToMi,location-belief,Belief,Location False Beliefs,A,A,[[A]],1,,baseline,,
9af90faa82e11234,66362e039f83b774,497a70e37987e1fa,ToMi,location-belief,Belief,Location False Beliefs,A,A,[X] [[A]],1,,baseline,,
88b377f0c440f915,5ebe3964af741e29,f7b5b4e09e1b44f1,ToMi,location-belief,Belief,Location False Beliefs,A,A,[[A]],1,,baseline,,
ea3d5cde247e9d63,99f1e4701660296f,160705b06be56a8d,ToMi,location-belief,Belief,Location False Beliefs,D,D,"[[D]]
The story states that Owen moved the apple to",1,,baseline,,
ec1be97a5e5dbf67,9d7eb06bc369e5a8,5337537a85685044,ToMi,location-belief,Belief,Location False Beliefs,B,B,[[B]],1,,baseline,,
e2fd2f2be5ef3272,0a4f13e425476075,5f8ebd51995c143c,ToMi,location-belief,Belief,Location False Beliefs,C,C,"[[C]]
The story states that ""The boots is in",1,,baseline,,
6290c6bbc94e3419,9d32d1631933d631,9b25237bb4364c2b,ToMi,location-belief,Belief,Location False Beliefs,C,B,"[[B]]
The story states that Logan moved the banana to",0,,baseline,,
556131de7ec5c4ad,be1d70073a2ddd93,1714706c01a06dc2,ToMi,location-belief,Belief,Location False Beliefs,B,B,"[[B]]
The story states that ""The sweatshirt is",1,,baseline,,
6a9e150aa3c9c8f4,39097f93a9b5c0ed,861ba406ba1c69b4,ToMi,location-belief,Belief,Location False Beliefs,B,C,[[C]],0,,baseline,,
5944b3c9502be2cb,ae8927e9a366700b,1d3e1027712c6624,ToMi,location-belief,Belief,Location False Beliefs,B,B,"[[B]]
The story states that ""Carter dislikes the",1,,baseline,,
7be263be9537829b,a71a3a638ba70683,e70c6a325496070c,ToMi,location-belief,Belief,Location False Beliefs,A,A,[[A]],1,,baseline,,
3da7a728aca5955b,fbcdaced151f49bb,fbb356e7e8b88c31,ToMi,location-belief,Belief,Location False Beliefs,B,B,"[[B]]
The most logical place for Hannah to look for",1,,baseline,,
2e71150562ac5fab,f1397e9aa572735c,17c3e823b0eeb874,ToMi,location-belief,Belief,Location False Beliefs,B,A,"[[A]]
The story indicates that Jack moved the cherry to",0,,baseline,,
316c27b71743de72,4cc5da182352a81d,a00d1e30077d2b0f,ToMi,location-belief,Belief,Location False Beliefs,A,A,[[A]],1,,baseline,,
ff646ca2846831ab,13d493074d3a96e2,5f8ebd51995c143c,ToMi,location-belief,Belief,Location False Beliefs,B,B,[[B]],1,,baseline,,
f8b66dcd2290e71d,f395d0d077f921ff,32d4f52395d79179,ToMi,location-belief,Belief,Location False Beliefs,D,D,[[D]],1,,baseline,,
56adee67ae623a28,8a44e611bc62d425,bc7dc4f8cd1dc04d,ToMi,location-belief,Belief,Location False Beliefs,B,B,[[B]],1,,baseline,,
e9b9bc75a62779ed,ba95d82f819d4f26,ce1704a48291eb40,ToMi,location-belief,Belief,Location False Beliefs,B,B,[[B]],1,,baseline,,
d08279076a095dc2,3815f47c26f9e485,e83d58ef22b0971a,ToMi,location-belief,Belief,Location False Beliefs,C,C,[[C]],1,,baseline,,
c87b5778f0c4df31,6c2ea39e256fa67d,991b83bd8d150df7,ToMi,location-belief,Belief,Location False Beliefs,A,A,[[A]],1,,baseline,,
474f88e03ca0889f,37cbb2cbf2fd0c13,91ba05cfb5511fc6,ToMi,location-belief,Belief,Location False Beliefs,C,A,"[[A]]
The story states that ""The slippers is",0,,baseline,,
7d3a97c82e7ac37e,58764cacf5cdae2d,c38ad2bf386a7bb8,ToMi,location-belief,Belief,Location False Beliefs,D,D,"[[D]]
The story states that ""The plum is in",1,,baseline,,
fa7d43fcc91e6496,e6ac158a2c0dd8b2,dd56c89eaedea631,ToMi,location-belief,Belief,Location False Beliefs,A,B,[[B]],0,,baseline,,
21d11785aff653f5,439533a266d1452b,5d6a98a57671f68a,ToMi,location-belief,Belief,Location False Beliefs,A,A,[[A]],1,,baseline,,
db417b87ba90a20f,a96354fcef340df0,683d466f65357ad7,ToMi,location-belief,Belief,Location False Beliefs,B,B,[[B]],1,,baseline,,
92605c505d716053,ac910d7f6de3fb17,dc4c40b218b52eb6,ToMi,location-belief,Belief,Location False Beliefs,C,C,"[[C]]
The story states ""The lime is in the",1,,baseline,,
cb6816098ab57dc8,546fec4b0f150ba0,c2050332f43bd996,ToMi,location-belief,Belief,Location False Beliefs,A,A,[[A]],1,,baseline,,
0e62bfe71fc42533,1d421a6c33e569a9,fe9e8876f78c4e54,ToMi,location-belief,Belief,Location False Beliefs,D,D,[[D]],1,,baseline,,
e6fbcd04ea76a034,0e79e9fadf56ac93,30163c7e6233771d,ToMi,location-belief,Belief,Location False Beliefs,C,C,[[C]],1,,baseline,,
2af9b6894fd1f43b,0d96f56ec154a0d4,471cf595b9d27c7d,ToMi,location-belief,Belief,Location False Beliefs,A,B,[[B]],0,,baseline,,
366b5ed3730db4f1,3576bf90787e58df,fc80f90bb4bd0ac8,ToMi,location-belief,Belief,Location False Beliefs,A,A,[[A]],1,,baseline,,
27104e6d3b3669bf,bffea9523ecb87a4,38b865fa749a594e,ToMi,location-belief,Belief,Location False Beliefs,A,B,"[[B]]
The story states that Nathan moved the apple to",0,,baseline,,
291818d1f5789ca1,b86e6be95b05e3c0,8d5c5656b8edb10d,ToMi,location-belief,Belief,Location False Beliefs,B,B,[[B]],1,,baseline,,
e9bec7372defe651,905dc7475dab0653,900041a430e42357,ToMi,location-belief,Belief,Location False Beliefs,A,D,[[D]],0,,baseline,,
df3d009809ea3975,cc395d7c7314c58e,f1605950a2f32293,ToMi,location-belief,Belief,Location False Beliefs,A,A,[[A]],1,,baseline,,
3fdfd43ac674b2ac,61f7c90ca2dad8d2,05149000d16e68db,ToMi,location-belief,Belief,Location False Beliefs,A,A,[[A]],1,,baseline,,
13e51aef44c79d23,c15f7569edd569ff,53fc1013f8023d68,ToMi,location-belief,Belief,Location False Beliefs,A,A,[[A]],1,,baseline,,
f7122f19419bb623,e1e1aea158f0b212,ece3f2781a4e83e6,ToMi,location-belief,Belief,Location False Beliefs,C,C,[[C]],1,,baseline,,
e2f6b01d3d398709,fbdb7fd76b3016b0,78075086b12ac628,ToMi,location-belief,Belief,Location False Beliefs,A,A,[[A]],1,,baseline,,
eb0b7ea9c68fe9cc,4cb2ef6fc211f94a,dc4c40b218b52eb6,ToMi,location-belief,Belief,Location False Beliefs,B,B,[[B]],1,,baseline,,
c147af279ad319a6,844ce9dd45e52a0a,bdc97ba52e748a31,ToMi,location-belief,Belief,Location False Beliefs,A,A,[[A]],1,,baseline,,
dc2c3b6fd6ee586d,4ed1201f5dc30d0b,410cbae29b72c7fa,ToMi,location-belief,Belief,Location False Beliefs,D,D,"[[D]]
The story states ""The boots is in the",1,,baseline,,
ffee930ed4a254c4,c41dbc83e2b1922e,b5528b47077aa595,ToMi,location-belief,Belief,Location False Beliefs,A,A,[[A]],1,,baseline,,
b4db828f58bd2b6e,c422ecf28b7bc473,7f4deb4ad8765aa6,ToMi,location-belief,Belief,Location False Beliefs,A,B,"[[B]]
Explanation: Initially, the tangerine was",0,,baseline,,
dc7a0ee08438588c,df050cf8f316651a,bc47457cde3d69da,ToMi,location-belief,Belief,Location False Beliefs,C,C,[[C]],1,,baseline,,
cbe289b645542ded,d86da1335c2a4402,75ea495e54aff545,ToMi,location-belief,Belief,Location False Beliefs,C,C,[[C]],1,,baseline,,
c9f83cc4ddabd8b9,e737ced400d173e7,9006233359e5a441,ToMi,location-belief,Belief,Location False Beliefs,D,D,"[[D]]
The story states that Aria moved the pear",1,,baseline,,
6c1beaf9d8badf46,027a691a0c32531c,ceabd753e37ec53b,ToMi,location-belief,Belief,Location False Beliefs,D,C,[[C]],0,,baseline,,
83e24ac97378875b,829811cf4d902b13,956f97ed3550c5fa,ToMi,location-belief,Belief,Location False Beliefs,D,D,[[D]],1,,baseline,,
6e02f8f3de2b9f15,c736f0cbd3a4d0df,01e3a830d02a0f60,ToMi,location-belief,Belief,Location False Beliefs,C,C,[[C]],1,,baseline,,
856bb12d9850fae0,368b5af80f8ba28a,e6a21849572ac99a,ToMi,location-belief,Belief,Location False Beliefs,D,D,[[D]],1,,baseline,,
007d8eeb29fa45e7,96dbb710cbbef86b,b4895ad78804bd44,ToMi,location-belief,Belief,Location False Beliefs,C,C,[[C]],1,,baseline,,
dffae09210f80e6b,6c140af00059289b,53fc1013f8023d68,ToMi,location-belief,Belief,Location False Beliefs,D,A,[[A]],0,,baseline,,
c2ad926eb8ae7679,6d8455bcafd33657,6e1c539a9222b961,ToMi,location-belief,Belief,Location False Beliefs,B,C,"[[C]]
The story states that ""Jackson moved the boots",0,,baseline,,
ead717e724a8b835,64b5f20884f2e55a,6963c3e56b8382a4,ToMi,location-belief,Belief,Location False Beliefs,B,B,[[B]],1,,baseline,,
fdefd516c4958e4e,95a3f2680caaf0e1,7ea7db8b139dde47,ToMi,location-belief,Belief,Location False Beliefs,A,B,[[B]],0,,baseline,,
20310106fa2e64f9,0247774b869723c7,22cbc5e7173be8ed,ToMi,location-belief,Belief,Location False Beliefs,A,A,[[A]],1,,baseline,,
04e4fe534111480e,bf808dbb66a68ac6,fc0016feeddc380d,ToMi,location-belief,Belief,Location False Beliefs,B,B,[[B]],1,,baseline,,
2614092b57c09427,7c2df48d81d2ee01,286a280012cf1c09,ToMi,location-belief,Belief,Location False Beliefs,D,D,"[[D]]
The story states that ""Jackson moved the grape",1,,baseline,,
471066e5b9787a69,0177ffd1f1f18abf,991c0ecabaf880a6,ToMi,location-belief,Belief,Location False Beliefs,C,C,[[C]],1,,baseline,,
d02621133bb93439,713d3f5888c6931c,549820ed1872c2f7,ToMi,location-belief,Belief,Location False Beliefs,D,C,"[[C]]
The story states that ""Jack moved the dress",0,,baseline,,
4a4ab0c442d2b688,7b4a1aff3d7a3778,4a98b7135ff42bae,ToMi,location-belief,Belief,Location False Beliefs,D,A,"[[A]]
The story states that ""The grapes is in",0,,baseline,,
f0b816b62d808ee0,9f87a2db8c6a77a5,fe9e8876f78c4e54,ToMi,location-belief,Belief,Location False Beliefs,C,C,[[C]],1,,baseline,,
09d4380af9f3ebba,67ddbb78b215b822,11f5067063a88519,ToMi,location-belief,Belief,Location False Beliefs,A,A,[[A]],1,,baseline,,
18aad850e262d418,403b76a34d8cdb7f,72f5e76267f509c5,ToMi,location-belief,Belief,Location False Beliefs,D,D,"[[D]]
The story states that Mason moved the cherry to",1,,baseline,,
1de06848ecbfd556,ef11c33bdbe387fe,d9760a20176d668c,ToMi,location-belief,Belief,Location False Beliefs,D,D,[[D]],1,,baseline,,
79e7a2fe3ffe954d,c5aa2223e6b8ae9b,2915e9d7c991f12e,ToMi,location-belief,Belief,Location False Beliefs,C,C,[[C]],1,,baseline,,
f797638acd94b199,adb4bf8e4fae2efb,10a8a827d2d11d6c,ToMi,location-belief,Belief,Location False Beliefs,D,D,"[[D]]
The story states that ""Jayden moved the",1,,baseline,,
67d5777cf0e85e0f,57df7c31e844f71c,7edad3bb113dd080,ToMi,location-belief,Belief,Location False Beliefs,B,B,"[[B]]
The story states that Mila moved the orange",1,,baseline,,
49944bcb54cfdaa4,d8886a84dff2dca4,78c9482df2540961,ToMi,location-belief,Belief,Location False Beliefs,D,A,"[[A]]
[[B]]
[[C]]
[[D]]",0,,baseline,,
89262a8f0aff5e14,b7a84b40765f8173,dd0bf2cce0247832,ToMi,location-belief,Belief,Location False Beliefs,C,A,"[[A]]
The story states that Olivia moved the slippers",0,,baseline,,
cdfc51fa9a178bc4,3959784fcd15a8d7,260cf8a6fb6c7e9f,ToMi,location-belief,Belief,Location False Beliefs,A,B,[[B]],0,,baseline,,
6bb2f72e7c8f9e06,595ddcceca58f481,29574f91cd510a6f,ToMi,location-belief,Belief,Location False Beliefs,C,C,[[C]],1,,baseline,,
295ffe3a7ef319fa,08dbae203429a3cb,475917573ab5fbbb,ToMi,location-belief,Belief,Location False Beliefs,D,B,[[B]],0,,baseline,,
529d644ba4dd0dcf,af08646b9b1df085,249b021564a9024d,ToMi,location-belief,Belief,Location False Beliefs,D,D,"[[D]]
The story states that Benjamin exited the workshop and",1,,baseline,,
38028adfa378ccb5,ef4bca9d09e3e6f6,1d3e1027712c6624,ToMi,location-belief,Belief,Location False Beliefs,C,C,[[C]],1,,baseline,,
6b3724b8db022ccc,83a6f5dfd5c73a0d,c695ab5a001e2c2d,ToMi,location-belief,Belief,Location False Beliefs,B,B,[[B]],1,,baseline,,
e0e9270569413e33,a0349c772fd1293c,2f7716214e7a1a9d,ToMi,location-belief,Belief,Location False Beliefs,D,A,[X] [[A]],0,,baseline,,
fc1f6ab8002f89df,4aefd788bcbba2fc,8dbc1bc461bdad94,ToMi,location-belief,Belief,Location False Beliefs,D,D,[[D]],1,,baseline,,
89d679c7a70a2037,7bdf39d28b85d715,d9760a20176d668c,ToMi,location-belief,Belief,Location False Beliefs,A,A,[X] [[A]],1,,baseline,,
642032b3e1e7e8fb,c295fa8c34ad4363,7c83143b69ff58bd,ToMi,location-belief,Belief,Location False Beliefs,B,B,[[B]],1,,baseline,,
38723d6b5cd70a51,c31b728ab1aecbb8,9e1284139cbcd06a,ToMi,location-belief,Belief,Location False Beliefs,C,A,"[[A]]
[[B]]
[[C]]
[[D]]
",0,,baseline,,
73bd80585f945f76,4da7942a61475c75,b73eb0577b492a9d,ToMi,location-belief,Belief,Location False Beliefs,B,B,[X] [[B]],1,,baseline,,
66bb31c070e3940b,1bd7028e9751e68f,a24e064ca7ac6dd1,ToMi,location-belief,Belief,Location False Beliefs,B,A,[[A]],0,,baseline,,
8aa2fb99b9dc2ff5,e2a705ec3fc3da69,d2db3f46060f6462,ToMi,location-belief,Belief,Location False Beliefs,B,A,[[A]],0,,baseline,,
974ccc811348ea23,f96d8a5fba7c5f27,34c30397ad79799e,ToMi,location-belief,Belief,Location False Beliefs,A,A,[[A]],1,,baseline,,
054b2ec49d920f1d,5e4e3453ef97cd89,01e3a830d02a0f60,ToMi,location-belief,Belief,Location False Beliefs,D,D,"[[D]]
The story states ""The slacks is in",1,,baseline,,
e772f1fa3b0067d2,dfedaaf6b0f8ec34,5337537a85685044,ToMi,location-belief,Belief,Location False Beliefs,C,C,"[[C]]
The story states ""The plum is in the",1,,baseline,,
f20b4468fea410df,2c85e27e52151527,35e1046c8947baf4,ToMi,location-belief,Belief,Location False Beliefs,A,A,[[A]],1,,baseline,,
ac929e6c3e45a93b,1145c49779ccad39,9ddd8eb7b9bab026,ToMi,location-belief,Belief,Location False Beliefs,A,A,[[A]],1,,baseline,,
4c2fab0597b8ef72,ced83c6b004d3535,45cb94846f11ecae,ToMi,location-belief,Belief,Location False Beliefs,C,C,[[C]],1,,baseline,,
f3275b3a7492c1b0,e846ba7590cff6c6,b7fae4fc8726b43a,ToMi,location-belief,Belief,Location False Beliefs,C,C,[[C]],1,,baseline,,
fdc150e93e42a67c,929ffed822412a95,c70148237a1a45d9,ToMi,location-belief,Belief,Location False Beliefs,D,D,[[D]],1,,baseline,,
b71d6596de564b48,fb64073e4ab958d2,01e3a830d02a0f60,ToMi,location-belief,Belief,Location False Beliefs,A,A,[[A]],1,,baseline,,
642652e99a41e7d5,2fdb49291431beb2,2160dca2096a9101,ToMi,location-belief,Belief,Location False Beliefs,C,C,[[C]],1,,baseline,,
3ae3bbbe9d38c47d,be9d9e41229e0117,f491b4cfb90985eb,ToMi,location-belief,Belief,Location False Beliefs,C,C,[[C]],1,,baseline,,
0cc15376d33a33cf,6c03f89362792213,fef1df7832eecf64,ToMi,location-belief,Belief,Location False Beliefs,C,C,[[C]],1,,baseline,,
476e7d2f289a029f,f5d8c2ea0fb58498,6c67028d3ce69f48,ToMi,location-belief,Belief,Location False Beliefs,B,B,[[B]],1,,baseline,,
cb54d9e4288b7821,462be6445642e415,ad56209a5f46bb43,ToMi,location-belief,Belief,Location False Beliefs,B,B,[[B]],1,,baseline,,
ebbce63bf1d53908,72c37e6d2a0df9b5,217098b24bb09fac,ToMi,location-belief,Belief,Location False Beliefs,D,D,[X] [[D]],1,,baseline,,
d3b9a48c9e8cfddd,9e0ec579684b05e3,86d06c6db721b75d,ToMi,location-belief,Belief,Location False Beliefs,D,C,[[C]],0,,baseline,,
dc4e9f39166e6206,8e1cbc41cb9d1a75,536b78b5b9b6e7af,ToMi,location-belief,Belief,Location False Beliefs,D,A,[[A]],0,,baseline,,
5d796e0b23749e0b,a595d754c3bd5dc6,8d0a220cc20f95e8,ToMi,location-belief,Belief,Location False Beliefs,C,C,[[C]],1,,baseline,,
f50c4887ead6f345,043d31003923e240,1f7fc672a3ead2f9,ToMi,location-belief,Belief,Location False Beliefs,C,C,[[C]],1,,baseline,,
016bc120f3b3b6d5,ae7862cd073fc14e,bcd14d3c62640889,ToMi,location-belief,Belief,Location False Beliefs,D,D,[[D]],1,,baseline,,
eeb36abfa1441b95,f7b7aa273227f7d8,1c3ad3a3bb8a6a53,ToMi,location-belief,Belief,Location False Beliefs,D,B,[[B]],0,,baseline,,
02e0de87ee0c98b0,72270fc77947546c,019f58ae5c83c80e,ToMi,location-belief,Belief,Location False Beliefs,D,A,[[A]],0,,baseline,,
a95baad61c8e913c,5baa83a822a5a14b,bd8321660a38a8b1,ToMi,location-belief,Belief,Location False Beliefs,C,C,[[C]],1,,baseline,,
ad285a55a5f4554d,917bdeb44f7d58b0,cd9554fd8e1af1fa,ToMi,location-belief,Belief,Location False Beliefs,B,B,[[B]],1,,baseline,,
ef887e9759c5c6f6,4d3d378bbabc2aa0,dbd79153249c21bc,ToMi,location-belief,Belief,Location False Beliefs,C,C,[[C]],1,,baseline,,
353bb9058d0a6311,af56acbb7d827fa0,84da922e142135a4,ToMi,location-belief,Belief,Location False Beliefs,D,D,[[D]],1,,baseline,,
b7d993621e6ea1a7,9292cf95718eee01,a4a37b64be62ab30,ToMi,location-belief,Belief,Location False Beliefs,C,C,"[[C]]
The story states ""Jackson moved the onion to",1,,baseline,,
41b3e829ca772576,a51e3f9f6cedb3e5,c06cc47b6444f245,ToMi,location-belief,Belief,Location False Beliefs,D,B,[[B]],0,,baseline,,
a013a89e4ed718bf,6bfd22563a1022b2,fa87b1d5d0699817,ToMi,location-belief,Belief,Location False Beliefs,B,A,[[A]],0,,baseline,,
454285f33fca0001,249c043e11ecf1ea,bc47457cde3d69da,ToMi,location-belief,Belief,Location False Beliefs,A,A,[[A]],1,,baseline,,
350d9554d7e45d12,1921772c88f1063e,4a98b7135ff42bae,ToMi,location-belief,Belief,Location False Beliefs,C,C,[[C]],1,,baseline,,
224e5edb8df8f8cc,7afa696ec60c24db,e6f7caa0b0a8e2eb,ToMi,location-belief,Belief,Location False Beliefs,B,B,"[[B]]
The most likely answer is B because after Jacob",1,,baseline,,
553df360e6300174,b7f3f2558fe26ca1,5f6705bd9d5150f6,ToMi,location-belief,Belief,Location False Beliefs,B,B,[[B]],1,,baseline,,
21180471f0bb5196,1c6797965e2becc4,78d3352ad74fe554,ToMi,location-belief,Belief,Location False Beliefs,A,A,[[A]],1,,baseline,,
a15381bdc95f94b2,180b29d5067fdfa8,dc221cc8e6878209,ToMi,location-belief,Belief,Location False Beliefs,B,B,[[B]],1,,baseline,,
bafee590d72d3acf,7040417c4c78faad,5c68ca8593ded098,ToMi,location-belief,Belief,Location False Beliefs,B,B,"[[B]]
The story states that ""The watermelon is",1,,baseline,,
0bf85812c253b4c6,98d71da4339183b0,aa46d0ca83835394,ToMi,location-belief,Belief,Location False Beliefs,C,C,"[[C]]
The story states that Charlotte moved the peach from",1,,baseline,,
0ff1bf9c57509f22,173b5758c7acd12d,9f4ed446cbcd35f7,ToMi,location-belief,Belief,Location False Beliefs,C,A,[[A]],0,,baseline,,
0efcad5dfd39e408,51d073f6de05032f,925ff81767ac46a3,ToMi,location-belief,Belief,Location False Beliefs,A,A,[[A]],1,,baseline,,
4103790178fe20fb,ce11b2606d0de13c,7f6d4544d65ac3c1,ToMi,location-belief,Belief,Location False Beliefs,C,C,[[C]],1,,baseline,,
7d3159ad221f4e5f,6d914085e3b3b2f6,65c95b6052290577,ToMi,location-belief,Belief,Location False Beliefs,A,A,[[A]],1,,baseline,,
92a8833e0f0147ce,0fb8eba5ffc5f386,2a276818eb3cdb8c,ToMi,location-belief,Belief,Location False Beliefs,B,B,[[B]],1,,baseline,,
510d9e3cda07ea82,b5dfa94d0ce1436a,5b61694fcd5e7192,ToMi,location-belief,Belief,Location False Beliefs,D,B,"[[B]]
Explanation: The story states that ""Nathan",0,,baseline,,
7f7a5adcb01ff507,46cc4df9379aa239,ceea383b8ae0a871,ToMi,location-belief,Belief,Location False Beliefs,D,D,[[D]],1,,baseline,,
ebfb973b5f9685b5,5977a7caaa53c155,30163c7e6233771d,ToMi,location-belief,Belief,Location False Beliefs,A,A,[[A]],1,,baseline,,
97627a2ca29a9884,1fcbf314366e9afa,dd56c89eaedea631,ToMi,location-belief,Belief,Location False Beliefs,B,B,[[B]],1,,baseline,,
6fcfb4972ad4a82c,d61f588c291d49b6,8e1eaa2ef0878b7a,ToMi,location-belief,Belief,Location False Beliefs,A,A,[[A]],1,,baseline,,
78fa881f3317cbbf,7bd1084f3affe93b,7024e1fe1cce3a02,ToMi,location-belief,Belief,Location False Beliefs,B,B,"[[B]]
The story states ""A. turnip is",1,,baseline,,
05617734ecaab699,82360351f6b74a78,ceea383b8ae0a871,ToMi,location-belief,Belief,Location False Beliefs,C,C,"[[C]]
The story states that ""Mia moved the",1,,baseline,,
e7e4d4e686a83b27,0ee069fbe651e5a4,9a12502af3719fe0,ToMi,location-belief,Belief,Location False Beliefs,A,A,[[A]],1,,baseline,,
08f838678e7b6ca0,625d2591eb7bb99f,3db70953078b9bfe,ToMi,location-belief,Belief,Location False Beliefs,A,A,[[A]],1,,baseline,,
8d8e5edc3425c67d,ecbba4a835e8a676,40fc803d8e679131,ToMi,location-belief,Belief,Location False Beliefs,B,B,"[[B]]
The story states that Charlotte moved the green_pe",1,,baseline,,
88a2bf1f19a69ad8,08ab98185180e995,c9594676786cdd1b,ToMi,location-belief,Belief,Location False Beliefs,B,B,[[B]],1,,baseline,,
06cc2eeafe1e6ae1,881ccf2eaed3a087,451cc56d7a1431f8,ToMi,location-belief,Belief,Location False Beliefs,B,B,[[B]],1,,baseline,,
f2067611d42e1f49,b994b4408504ec2d,e70c6a325496070c,ToMi,location-belief,Belief,Location False Beliefs,B,B,[[B]],1,,baseline,,
f455e212db7aaa2d,3a7401e194794e54,2fb00015db8b0d53,ToMi,location-belief,Belief,Location False Beliefs,B,A,"[[A]]
[[B]]
[[C]]
[[D]]",0,,baseline,,
802f6e752bb97553,fb00cfc0e296eae4,3573876fbf041ee1,ToMi,location-belief,Belief,Location False Beliefs,A,B,[[B]],0,,baseline,,
4da219918e652aa5,3fda3e1fc0b68750,15386ad6e67da6d1,ToMi,location-belief,Belief,Location False Beliefs,D,C,[[C]],0,,baseline,,
0b668a08a397e174,84e2c7900ae3283f,185e8a806a5f5c2a,ToMi,location-belief,Belief,Location False Beliefs,B,B,[[B]],1,,baseline,,
74fb3461a7e5207d,51488101373d9685,555d1b20e1649856,ToMi,location-belief,Belief,Location False Beliefs,B,B,[[B]],1,,baseline,,
b74da86853d9a489,44b8fca2bd7a502d,75e7a5cb99114d52,ToMi,location-belief,Belief,Location False Beliefs,C,C,[[C]],1,,baseline,,
5619e627144f9451,c4916260e204ed6c,40fc803d8e679131,ToMi,location-belief,Belief,Location False Beliefs,B,B,"[[B]]
The story states ""The green_pepper is",1,,baseline,,
79901492fb2830c6,42037e01ed3d612b,ce1704a48291eb40,ToMi,location-belief,Belief,Location False Beliefs,B,B,[[B]],1,,baseline,,
4b2165b20e4658a1,9833fb225b8342b2,4cb8fc241b2a123a,ToMi,location-belief,Belief,Location False Beliefs,C,C,[[C]],1,,baseline,,
ef38a0a9e3525026,5570617d1cddd827,e5f015074453d195,ToMi,location-belief,Belief,Location False Beliefs,B,B,[[B]],1,,baseline,,
1f5ed0d06589c357,4c0494ce167c40b8,794f4fff61208490,ToMi,location-belief,Belief,Location False Beliefs,B,B,[[B]],1,,baseline,,
460121b35214f233,9e2a44dd82e1eb88,aa46d0ca83835394,ToMi,location-belief,Belief,Location False Beliefs,D,D,"[[D]]
The story states that Charlotte moved the peach from",1,,baseline,,
8db4b47cacc9ff8e,e1b4573ee2fb1653,80f6c1dd64a2bca0,ToMi,location-belief,Belief,Location False Beliefs,D,D,[[D]],1,,baseline,,
1ace34362f4d1fd7,210aa7161f517a2b,5f8ebd51995c143c,ToMi,location-belief,Belief,Location False Beliefs,C,C,[[C]],1,,baseline,,
49085f9095224c45,59a68573501d55e5,4ee6686742ece8ef,ToMi,location-belief,Belief,Location False Beliefs,B,B,[[B]],1,,baseline,,
af2bc375ca80947e,632b79d5d454f4f4,df3aa38bbab6b903,ToMi,location-belief,Belief,Location False Beliefs,B,B,"[[B]]
The story states that ""The raincoat is",1,,baseline,,
2a574699df90e75f,d082cff35e375da6,c9594676786cdd1b,ToMi,location-belief,Belief,Location False Beliefs,D,D,"[[D]]
The story states that Mia moved the slippers",1,,baseline,,
1bbc737f172fd128,c8b7b400c1ed37a9,5f6705bd9d5150f6,ToMi,location-belief,Belief,Location False Beliefs,D,D,"[[D]]
The story states that ""Alexander exited the study",1,,baseline,,
d812428ddde27f03,4061294b2c2ac067,0130db4ebb8c3b70,ToMi,location-belief,Belief,Location False Beliefs,C,A,"[[A]]
[[B]]
[[C]]
[[D]]
",0,,baseline,,
0c50fbcc22fd4ff2,5faa11243fc761f7,4222b398109df785,ToMi,location-belief,Belief,Location False Beliefs,D,D,[X] [[D]],1,,baseline,,
3cc88a9f88bcfe7d,52ad5177c11f8a13,12f9cb0f074c87f2,ToMi,location-belief,Belief,Location False Beliefs,B,B,[[B]],1,,baseline,,
ca955dea99512dca,5272c6e76d5f8fb2,9006233359e5a441,ToMi,location-belief,Belief,Location False Beliefs,C,C,[[C]],1,,baseline,,
abb096ba91ced9fe,07d93e569454395b,cbad4f2b9463c45d,ToMi,location-belief,Belief,Location False Beliefs,D,D,[[D]],1,,baseline,,
190a0ebc60c53483,504dfc1c2322cf38,a797f731dfeccb39,ToMi,location-belief,Belief,Location False Beliefs,A,A,[[A]],1,,baseline,,
371376a3214950ee,de857184404c4ca2,a17997010b16fcf9,ToMi,location-belief,Belief,Location False Beliefs,C,C,[[C]],1,,baseline,,
21513a8448d8b1c5,70014440570be05c,69fa9b96e1d1a1c5,ToMi,location-belief,Belief,Location False Beliefs,A,A,[[A]],1,,baseline,,
cbab2836b97eb114,87658c1f4dfcbf2a,a797f731dfeccb39,ToMi,location-belief,Belief,Location False Beliefs,B,C,[[C]],0,,baseline,,
a901bf22e53d4b35,106ee50685556804,22cbc5e7173be8ed,ToMi,location-belief,Belief,Location False Beliefs,B,B,"[[B]]
The most likely answer is B because the story",1,,baseline,,
983d1a0641f96068,a96ce1f4c91e7e60,069b99ac0a9e0ebe,ToMi,location-belief,Belief,Location False Beliefs,C,C,[[C]],1,,baseline,,
380bb522741b03b2,e486f862921099cc,7613c11c836dba92,ToMi,location-belief,Belief,Location False Beliefs,A,A,[[A]],1,,baseline,,
204d7ec791ab3d6c,2334c670fa39bfd7,39dcd6f9672eb10e,ToMi,location-belief,Belief,Location False Beliefs,D,D,[[D]],1,,baseline,,
10cbafe75ea01ae1,89a1a46ef99fadb5,16e1d3cc462b72d1,ToMi,location-belief,Belief,Location False Beliefs,B,B,[[B]],1,,baseline,,
1e0638dc2501bc52,415c1a073dfa210f,ef2795be4a20a160,ToMi,location-belief,Belief,Location False Beliefs,C,C,"[[C]]
The most likely answer is C, as the",1,,baseline,,
c42fe20019778b30,11e3b56473e9e757,d9059b8e5572136d,ToMi,location-belief,Belief,Location False Beliefs,B,B,[[B]],1,,baseline,,
c0adc4122e35403a,377909fa00280e87,5bfdc1b4f6c475fd,ToMi,location-belief,Belief,Location False Beliefs,A,A,[[A]],1,,baseline,,
68bb35805e25082c,793c34179a4bd51a,497615040610ac62,ToMi,location-belief,Belief,Location False Beliefs,D,D,[[D]],1,,baseline,,
a99cb8289c603c5a,401f5cbeba7bf165,f450223d75558d59,ToMi,location-belief,Belief,Location False Beliefs,B,A,[[A]],0,,baseline,,
dfb79b78d5e5d7af,149df6f5d201e3bb,260cf8a6fb6c7e9f,ToMi,location-belief,Belief,Location False Beliefs,A,B,[[B]],0,,baseline,,
17f2b40ab24c759d,f8c47408bd356909,497615040610ac62,ToMi,location-belief,Belief,Location False Beliefs,D,D,[[D]],1,,baseline,,
07e111152eb12421,4ad509ebc375889d,44e709eba1d75329,ToMi,location-belief,Belief,Location False Beliefs,A,B,[[B]],0,,baseline,,
6430cffcfb70eafa,66a9c4343a3d17bc,5649f3a07bb9002d,ToMi,location-belief,Belief,Location False Beliefs,A,A,[[A]],1,,baseline,,
086286ae487921e9,b6fe38baac4a1e77,246cc0a716b882c7,ToMi,location-belief,Belief,Location False Beliefs,A,B,[[B]],0,,baseline,,
9ea15a4647bae95d,008f5801c9067992,05149000d16e68db,ToMi,location-belief,Belief,Location False Beliefs,C,C,[[C]],1,,baseline,,
4deebfea9e918c16,90cc52a6d1555722,dab517e3aba57fe3,ToMi,location-belief,Belief,Location False Beliefs,C,C,[[C]],1,,baseline,,
146b86798c1d011c,59b304a1647b6c9f,641a2ee71f3a103a,ToMi,location-belief,Belief,Location False Beliefs,D,D,[[D]],1,,baseline,,
545484e1196ea35d,4f3e133b254c86f2,9e8e5ef97e42c43f,ToMi,location-belief,Belief,Location False Beliefs,C,C,[[C]],1,,baseline,,
2d4d9ae5285643fd,1bd0311a464e1600,d314e475d59d9b54,ToMi,location-belief,Belief,Location False Beliefs,A,A,[[A]],1,,baseline,,
c01f8f654620c4dc,e9f68c274b911ead,2b5ad4a03214a6fc,ToMi,location-belief,Belief,Location False Beliefs,D,D,[[D]],1,,baseline,,
6d92e3d8fcec6a52,f62d82b5c4701286,067df8630e20e952,ToMi,location-belief,Belief,Location False Beliefs,A,A,[[A]],1,,baseline,,
2626b93fc9316829,bfa1f8145afee8da,4a4b5b91e76eeefd,ToMi,location-belief,Belief,Location False Beliefs,A,C,[[C]],0,,baseline,,
95ea88157b710d1a,bb64df056a4ce3c5,fcfc1f821870021f,ToMi,location-belief,Belief,Location False Beliefs,C,B,"[[B]]
The cabbage is explicitly stated to be in the",0,,baseline,,
d1df5c4dcc6e4765,d47db39e614812ce,90a9fa2726c09775,ToMi,location-belief,Belief,Location False Beliefs,B,A,[[A]],0,,baseline,,
e1929edac9f265da,5c58c2d5f1fcc284,593033528023e03c,ToMi,location-belief,Belief,Location False Beliefs,A,B,"[[B]]
Explanation: Olivia moved the onion to the pantry",0,,baseline,,
ff15cd9e9df1381c,33e758979ed65316,741856004e36fe94,ToMi,location-belief,Belief,Location False Beliefs,D,D,"[[D]]
The story states that James moved the scarf to",1,,baseline,,
b0542db5c6a32378,e9677f2fcc76ec86,906e70f29fcb6a28,ToMi,location-belief,Belief,Location False Beliefs,B,B,[[B]],1,,baseline,,
41cafdc35fa3ab63,c902a36d25581f82,873d7479314fe0fe,ToMi,location-belief,Belief,Location False Beliefs,A,A,[[A]],1,,baseline,,
ef113d913b5ba30a,d83441c3bb995c1a,451cc56d7a1431f8,ToMi,location-belief,Belief,Location False Beliefs,C,C,[[C]],1,,baseline,,
ebe2356d5e2616de,278763f10c7acbef,65c95b6052290577,ToMi,location-belief,Belief,Location False Beliefs,C,C,"[[C]]
The underpants were initially in the basket as",1,,baseline,,
819cc23504fa4755,3a378a5c9d974f2a,f62cf5f8223fd8e1,ToMi,location-belief,Belief,Location False Beliefs,C,C,[[C]],1,,baseline,,
55362b8e39a3d401,53524b4d3347b158,900041a430e42357,ToMi,location-belief,Belief,Location False Beliefs,B,B,[[B]],1,,baseline,,
8676c1b3a06b8554,b0fe9778850f206c,6963c3e56b8382a4,ToMi,location-belief,Belief,Location False Beliefs,D,D,[X] [[D]],1,,baseline,,
bacaf1919938aad2,4d48492d124f8351,861ba406ba1c69b4,ToMi,location-belief,Belief,Location False Beliefs,B,B,[[B]],1,,baseline,,
9a84a21fe6dad15b,0b985fcd8ad80cc4,9baa2efa162a6199,ToMi,location-belief,Belief,Location False Beliefs,C,C,[[C]],1,,baseline,,
61909544292fa5f6,fc432fd0f0f80118,5b40c515da1dcff7,ToMi,location-belief,Belief,Location False Beliefs,D,C,[[C]],0,,baseline,,
099c66c5666cacc0,566ea5f04c33f15c,db5eb12d009df942,ToMi,location-belief,Belief,Location False Beliefs,D,A,[[A]],0,,baseline,,
f7810834090be9d4,c423366fec9fc9cd,ff8d4a6deffb9b2f,ToMi,location-belief,Belief,Location False Beliefs,C,C,[[C]],1,,baseline,,
f8ae6b9fb2edca7a,0c58a8b261b61498,6fd5cf0d7113c5ba,ToMi,location-belief,Belief,Location False Beliefs,D,D,[[D]],1,,baseline,,
5c3a87e8266ef99f,b31be97a923b25f5,ace4d1b0c1aff57e,ToMi,location-belief,Belief,Location False Beliefs,A,A,[[A]],1,,baseline,,
d5d7bf28278fc256,0fb2edcad92ef4ac,5a35484960341d55,ToMi,location-belief,Belief,Location False Beliefs,B,A,[[A]],0,,baseline,,
489df48abf999d9c,b149896038c3f20b,184117b6d295915a,ToMi,location-belief,Belief,Location False Beliefs,B,B,[[B]],1,,baseline,,
a2d8e342c1191146,cb9d35e9ad17e510,674ca378123594d5,ToMi,location-belief,Belief,Location False Beliefs,D,D,[X] [[D]],1,,baseline,,
e7e9766faa570795,83dec8e5d77fe1c0,3d471f58785bc7cf,ToMi,location-belief,Belief,Location False Beliefs,C,C,[[C]],1,,baseline,,
e3ad51572d0e9923,39c49333d7037516,184117b6d295915a,ToMi,location-belief,Belief,Location False Beliefs,A,C,[[C]],0,,baseline,,
23bd0087292593ce,edefbad91f5a40f8,3f4c543a84b0e31e,ToMi,location-belief,Belief,Location False Beliefs,C,C,[[C]],1,,baseline,,
28036a76c681cc3f,e12c0cedd58fee1c,a9909c87812b1c34,ToMi,location-belief,Belief,Location False Beliefs,B,B,[[B]],1,,baseline,,
f5ce950b934605e2,17e42972c07b3ca0,72f5e76267f509c5,ToMi,location-belief,Belief,Location False Beliefs,C,C,"[[C]]
The most likely answer is C because Mason moved",1,,baseline,,
a4e5760a6c7b17c6,5a116b2205e57dfb,5373d1170aef2a45,ToMi,location-belief,Belief,Location False Beliefs,D,D,"[[D]]
The story states that Lily moved the onion to",1,,baseline,,
78958cac30a03e24,3c999571af6dc7fb,3ee2444b0ed1759e,ToMi,location-belief,Belief,Location False Beliefs,B,A,"[[A]]
The story states that ""Nathan exited the",0,,baseline,,
72930389087baa25,185d1766d7c0a488,11805a163885e65a,ToMi,location-belief,Belief,Location False Beliefs,A,A,[[A]],1,,baseline,,
adc159ad8f2ef016,977204dd0c19fe37,dc4c40b218b52eb6,ToMi,location-belief,Belief,Location False Beliefs,A,B,[[B]],0,,baseline,,
c59f66b9e9591a7f,03ef08d528b2a584,11f5067063a88519,ToMi,location-belief,Belief,Location False Beliefs,B,B,[[B]],1,,baseline,,
b6b729e1a0709dae,fc8058466af2f5e8,7556df8821b79884,ToMi,location-belief,Belief,Location False Beliefs,D,D,"[[D]]
The story states ""The slippers is in",1,,baseline,,
2d407b77dadbc9e5,0fc8182ad111adc2,6317895c9447bcb0,ToMi,location-belief,Belief,Location False Beliefs,D,D,[[D]],1,,baseline,,
db1b689b204bffb6,e5134a3f9221172a,14642f692e924b5c,ToMi,location-belief,Belief,Location False Beliefs,D,C,[[C]],0,,baseline,,
dff1f1a9675a0616,82e3264af3bee796,50c631dff72dbd48,ToMi,location-belief,Belief,Location False Beliefs,B,A,[[A]],0,,baseline,,
f0903803c8f2939f,eddfc533d4683a38,a60f6b5f521e9651,ToMi,location-belief,Belief,Location False Beliefs,D,A,"[[A]]
The story indicates that Ella moved the corn to",0,,baseline,,
f40299c845d113b4,2dfc4ba775cfb973,c38ad2bf386a7bb8,ToMi,location-belief,Belief,Location False Beliefs,C,C,[[C]],1,,baseline,,
b8e50407d7bbfbf6,6d6f4cb5b51ff4a8,fb2ba65a0ae85c8b,ToMi,location-belief,Belief,Location False Beliefs,A,A,[[A]],1,,baseline,,
c573bee3a3255325,db05cad4d59e0329,08044fc183d8e925,ToMi,location-belief,Belief,Location False Beliefs,C,C,[[C]],1,,baseline,,
2bdddb2df430627d,6269e671a495fcc7,af73e51578a8ba98,ToMi,location-belief,Belief,Location False Beliefs,D,D,[[D]],1,,baseline,,
50b7e3aa145a3762,23245eab84d3903c,ceabd753e37ec53b,ToMi,location-belief,Belief,Location False Beliefs,B,A,[[A]],0,,baseline,,
44d47e8840533d41,0398133c5fe80751,0b374bc6f4fe27df,ToMi,location-belief,Belief,Location False Beliefs,C,C,[[C]],1,,baseline,,
667eea3a55657e93,dbc899de811d56dd,9e1284139cbcd06a,ToMi,location-belief,Belief,Location False Beliefs,B,B,[[B]],1,,baseline,,
23a181141ac3e676,320cbdddd3ee087a,636defe3aabc384a,ToMi,location-belief,Belief,Location False Beliefs,C,C,[[C]],1,,baseline,,
adb8868acf1fef98,8f61986640a1fdf8,57404e37c0fef51c,ToMi,location-belief,Belief,Location False Beliefs,A,A,[X] [[A]],1,,baseline,,
f38559bacdac36f3,84c387d4e0182c41,a3b412b7b056852a,ToMi,location-belief,Belief,Location False Beliefs,D,D,"[[D]]
The story states that Sophia moved the asparagus",1,,baseline,,
d5508830b0d5ae4e,508dd852aaeda1c5,2b5ad4a03214a6fc,ToMi,location-belief,Belief,Location False Beliefs,D,D,[[D]],1,,baseline,,
53674636274e6ace,27a486c9fbebd2f4,5f8ebd51995c143c,ToMi,location-belief,Belief,Location False Beliefs,C,C,[[C]],1,,baseline,,
da1b2ae44c1305da,e33ca67bfedb1896,d2db3f46060f6462,ToMi,location-belief,Belief,Location False Beliefs,B,B,[[B]],1,,baseline,,
129a7214438c6628,d6c91ecaef74cdb4,a52aea409fdd793d,ToMi,location-belief,Belief,Location False Beliefs,A,A,[[A]],1,,baseline,,
8adb71746bea8d49,fc8471d83aa1b9c1,b2e96864914a394d,ToMi,location-belief,Belief,Location False Beliefs,B,B,"[[B]]
The story states that Evelyn moved the lime to",1,,baseline,,
57bbfe27dd2056e9,d175ebe0c24afd8e,e70c6a325496070c,ToMi,location-belief,Belief,Location False Beliefs,A,A,[[A]],1,,baseline,,
659dbacd2ed1a3c7,d15547cad225b251,dbd79153249c21bc,ToMi,location-belief,Belief,Location False Beliefs,B,B,[[B]],1,,baseline,,
72ff81c1cf1f3406,f2617555570783ad,f07981090044ea93,ToMi,location-belief,Belief,Location False Beliefs,C,C,[[C]],1,,baseline,,
705faa9ef000cf93,6e1300a483f465c7,5f8ebd51995c143c,ToMi,location-belief,Belief,Location False Beliefs,D,C,"[[C]]
The story indicates that initially, the boots are",0,,baseline,,
3d8ba302b9e569a8,8cf491028b980a78,5983425d538298f3,ToMi,location-belief,Belief,Location False Beliefs,D,D,[X] [[D]],1,,baseline,,
d4d310c60af4f633,de6e4fa478847821,b3542a5a67fb5efa,ToMi,location-belief,Belief,Location False Beliefs,B,B,"[[B]]
The story states ""The eggplant is in",1,,baseline,,
9e1a70f1b36ffd83,45b26deccdbe7110,f389674a9238c678,ToMi,location-belief,Belief,Location False Beliefs,C,C,[[C]],1,,baseline,,
2f9526cd80b3fc39,0cd6b60441fd12bf,669dc28d688b4c5c,ToMi,location-belief,Belief,Location False Beliefs,A,A,[[A]],1,,baseline,,
1b8f7b1e60d94863,5f8c4c98004eb8e9,606715f827e6f618,ToMi,location-belief,Belief,Location False Beliefs,B,B,[[B]],1,,baseline,,
514882e5bdfba4c0,47d035eaf9fe57bc,bcd14d3c62640889,ToMi,location-belief,Belief,Location False Beliefs,B,B,[[B]],1,,baseline,,
e200a44fb58ebbd9,3b117cc50c793f7e,8dbc1bc461bdad94,ToMi,location-belief,Belief,Location False Beliefs,B,A,[[A]],0,,baseline,,
6ecfc4620057134b,42b041c92cebe468,dc93bff093ad7183,ToMi,location-belief,Belief,Location False Beliefs,C,C,[[C]],1,,baseline,,
30f64866d1956ec0,0b2bfb704589acb2,78075086b12ac628,ToMi,location-belief,Belief,Location False Beliefs,D,D,[[D]],1,,baseline,,
1c16e5cdac68cd52,11c85098e8e5ede1,5f6705bd9d5150f6,ToMi,location-belief,Belief,Location False Beliefs,C,C,[[C]],1,,baseline,,
1087d0a243134768,cb20801142f846f3,df3aa38bbab6b903,ToMi,location-belief,Belief,Location False Beliefs,A,A,[[A]],1,,baseline,,
35851cae4630f913,51470e2d7271a321,73da2cb57314a4d8,ToMi,location-belief,Belief,Location False Beliefs,B,B,[[B]],1,,baseline,,
165ab3133844b3a2,ab214643c042f27b,60923681b970c914,ToMi,location-belief,Belief,Location False Beliefs,A,A,[[A]],1,,baseline,,
394c4515f15b2c31,86969a22844413a6,08879de12f2ee971,ToMi,location-belief,Belief,Location False Beliefs,C,C,[[C]],1,,baseline,,
3a3b2b91045fb0ad,7500b86721ff7286,3b65399a0b4cc9c9,ToMi,location-belief,Belief,Location False Beliefs,C,C,[[C]],1,,baseline,,
257478b599c6b83c,18510b9bcf302c9d,f450223d75558d59,ToMi,location-belief,Belief,Location False Beliefs,C,A,"[[A]]
Explanation: Since Sophia has already left the lounge",0,,baseline,,
d6e158b5a5527ac7,6ef4e67427d8db36,d42723cbcf5cdc8d,ToMi,location-belief,Belief,Location False Beliefs,C,C,[[C]],1,,baseline,,
0f9edfef5098840d,965a9a24f3806f4c,1c3ad3a3bb8a6a53,ToMi,location-belief,Belief,Location False Beliefs,D,C,[[C]],0,,baseline,,
572e81e769d82c5a,f5ac9e3d1eb732cc,08044fc183d8e925,ToMi,location-belief,Belief,Location False Beliefs,B,B,[[B]],1,,baseline,,
51fd631390532e6c,787b47d21fa6edb7,606715f827e6f618,ToMi,location-belief,Belief,Location False Beliefs,A,C,[[C]],0,,baseline,,
082bfe7e8920cc8d,767002d0765d14db,31ebe66b60690f9e,ToMi,location-belief,Belief,Location False Beliefs,A,A,[[A]],1,,baseline,,
f34b8b1c3c18c43e,a510c8dfa9b55b58,23911dec5d4cac5c,ToMi,location-belief,Belief,Location False Beliefs,D,D,[[D]],1,,baseline,,
50b24298b318da8c,91712e5bbc6c1b04,0bd6d60b6003bb13,ToMi,location-belief,Belief,Location False Beliefs,D,D,[[D]],1,,baseline,,
83fc9c08fac94591,cdef6166a993cd7d,f1605950a2f32293,ToMi,location-belief,Belief,Location False Beliefs,B,B,"[[B]]
The story states ""The jeans is in the",1,,baseline,,
a5720f6876015b07,92a478ca1cb0f7fe,cd15c7ec7718c732,ToMi,location-belief,Belief,Location False Beliefs,B,B,"[[B]]
[[B]]",1,,baseline,,
d73116b55c05f129,ea3baf93aa0ee4e9,0f673b7d0e3cd6c6,ToMi,location-belief,Belief,Location False Beliefs,A,A,[X] [[A]],1,,baseline,,
b62d57d1a8dfacdc,66b67ebb319e3c61,88518eb65b5fe76c,ToMi,location-belief,Belief,Location False Beliefs,A,A,[[A]],1,,baseline,,
330298e2b40cfc52,ef1b01059e483a33,ad58c46fbaf4296e,ToMi,location-belief,Belief,Location False Beliefs,B,C,[[C]],0,,baseline,,
730b896b374367e3,35d822cb0a8010de,0f673b7d0e3cd6c6,ToMi,location-belief,Belief,Location False Beliefs,A,A,[[A]],1,,baseline,,
e05837de544a474c,7b75911362a12661,3573876fbf041ee1,ToMi,location-belief,Belief,Location False Beliefs,C,C,[[C]],1,,baseline,,
a7165148ecde5498,78f55923761049c8,9b2843b23ddc950f,ToMi,location-belief,Belief,Location False Beliefs,B,B,[[B]],1,,baseline,,
69c2b303491c17f4,b3d8a6a60566e4d0,023f6d779173640d,ToMi,location-belief,Belief,Location False Beliefs,B,B,[[B]],1,,baseline,,
a9da369eb3f74579,91246f75785a4f14,3a95a1c66f07559f,ToMi,location-belief,Belief,Location False Beliefs,A,A,"[[A]]
[[B]]
[[C]]
[[D]]",1,,baseline,,
770c4fd70b36b1fc,74831d0b910d6a50,02640dc17ac13ed8,ToMi,location-belief,Belief,Location False Beliefs,B,B,[[B]],1,,baseline,,
e7afde4d3ddc208b,093ead404b2aa8b8,28821affed52200f,ToMi,location-belief,Belief,Location False Beliefs,A,A,[[A]],1,,baseline,,
bc79ed8422b0273e,ae52a3534085ea00,d8b40574fa9de450,ToMi,location-belief,Belief,Location False Beliefs,D,D,[X] [[D]],1,,baseline,,
a5ca2702563c4d40,9f48494f1410f480,a0e281b3626ee7c7,ToMi,location-belief,Belief,Location False Beliefs,B,B,[[B]],1,,baseline,,
649e7a2f6662cb35,a598b6be8bd192bc,8dbc1bc461bdad94,ToMi,location-belief,Belief,Location False Beliefs,B,B,[[B]],1,,baseline,,
b12ee577f619f86d,9c33580eff66cc38,74fb66644991f847,ToMi,location-belief,Belief,Location False Beliefs,C,A,[[A]],0,,baseline,,
306a93bc9ade9074,c5fc057abaa15cd1,ff8d4a6deffb9b2f,ToMi,location-belief,Belief,Location False Beliefs,A,B,[[B]],0,,baseline,,
675c3f894c73511f,8e8b5d72a1c9f6dd,7bc531e198eda945,ToMi,location-belief,Belief,Location False Beliefs,B,B,[[B]],1,,baseline,,
01d6025fac8d1a04,8288c160e3662b08,6415f8e9946ac682,ToMi,location-belief,Belief,Location False Beliefs,B,D,"[[D]]
[[D]]",0,,baseline,,
a485c1ebdf97e8e3,797144045fba323d,fbf4fe7b2a05c5bf,ToMi,location-belief,Belief,Location False Beliefs,D,D,[[D]],1,,baseline,,
c911e22bd386084d,1a02402e31292489,b73eb0577b492a9d,ToMi,location-belief,Belief,Location False Beliefs,B,B,"[[B]]
The story states that ""The slacks is",1,,baseline,,
63ec817d472f64d1,6e12a07284fc4572,dd56c89eaedea631,ToMi,location-belief,Belief,Location False Beliefs,C,C,[[C]],1,,baseline,,
99f9333019326374,4db414f7cc584b28,185e8a806a5f5c2a,ToMi,location-belief,Belief,Location False Beliefs,D,D,[X] [[D]],1,,baseline,,
5437fb039fbb076a,a834dac09e83df8d,a7f37317c9b96e26,ToMi,location-belief,Belief,Location False Beliefs,D,A,"[[A]]
The story states that ""Jacob moved the sweat",0,,baseline,,
18e575aba040169a,3fc257bd988c18a4,b2e96864914a394d,ToMi,location-belief,Belief,Location False Beliefs,B,B,[[B]],1,,baseline,,
e04b7f722124e28b,b8a154dc116697e8,74fb66644991f847,ToMi,location-belief,Belief,Location False Beliefs,C,C,[[C]],1,,baseline,,
a405c9477ee52f73,3033db5079d8786a,db58fd4328742382,ToMi,location-belief,Belief,Location False Beliefs,A,A,[[A]],1,,baseline,,
bf2a33ee560030b8,72e077a34722c647,925ff81767ac46a3,ToMi,location-belief,Belief,Location False Beliefs,D,D,[[D]],1,,baseline,,
b30a92c8874e96f9,40189c3ae495fb1d,45cb94846f11ecae,ToMi,location-belief,Belief,Location False Beliefs,D,C,[[C]],0,,baseline,,
66ac76805ec006c4,b7944f837f37f96e,014fff3e5de48e07,ToMi,location-belief,Belief,Location False Beliefs,B,B,"[[B]]
The cucumber is explicitly stated to be in the",1,,baseline,,
410dff70ac8cdd96,a9fb604dc6f50c54,5db415b013ace924,ToMi,location-belief,Belief,Location False Beliefs,D,D,[[D]],1,,baseline,,
48d876a00abe77ad,5ff3f109a5695f7b,c07249833fbb2c88,ToMi,location-belief,Belief,Location False Beliefs,A,A,[[A]],1,,baseline,,
68bba1208ec45b20,fa208b05b760cc3f,a8e4bd5de678198f,ToMi,location-belief,Belief,Location False Beliefs,B,B,[[B]],1,,baseline,,
ae2b15ff44933cab,8053da9e6e140d9b,5de647a30871e3f3,ToMi,location-belief,Belief,Location False Beliefs,A,A,[[A]],1,,baseline,,
1470a3dfe169c4d9,ed7cddf1ba5d632d,563a071e0e6c236d,ToMi,location-belief,Belief,Location False Beliefs,B,B,"[[B]]
Explanation: Initially, it's mentioned that """,1,,baseline,,
cfc810c1a08932ac,1429a81807499f19,5f15d313d0bd7511,ToMi,location-belief,Belief,Location False Beliefs,C,C,"[[C]]
The story states that Mila moved the as",1,,baseline,,
43e17f8ca0e2fb2a,b43d4bf72d58a7bd,dbd79153249c21bc,ToMi,location-belief,Belief,Location False Beliefs,D,D,[[D]],1,,baseline,,
23005a9781a8c75b,ac210b3fd115b67a,31ebe66b60690f9e,ToMi,location-belief,Belief,Location False Beliefs,C,B,"[[B]]
[[C]]",0,,baseline,,
f9f4788e75d2bbfd,62aa1ca2051b9292,0f25f232649578d2,ToMi,location-belief,Belief,Location False Beliefs,B,B,[[B]],1,,baseline,,
68085bbd5fc6b452,83dcfe493e26ec10,fc0016feeddc380d,ToMi,location-belief,Belief,Location False Beliefs,D,C,[[C]],0,,baseline,,
29ad0c175eb470ca,ac9a7b989f763e68,5b9de87e4a11bdac,ToMi,location-belief,Belief,Location False Beliefs,C,C,[[C]],1,,baseline,,
8474f34524aeddfe,eaffbbb7b2db3ba1,249b021564a9024d,ToMi,location-belief,Belief,Location False Beliefs,C,C,[[C]],1,,baseline,,
ab7f8506480328e4,088eb26d91562993,03b151dc2f3dfffc,ToMi,location-belief,Belief,Location False Beliefs,D,D,[[D]],1,,baseline,,
7b117c9c88d488f2,1efd2288e36dab9b,11acb80746e12dff,ToMi,location-belief,Belief,Location False Beliefs,D,D,[[D]],1,,baseline,,
8b31f28c9d653d84,19a09630dc646aa9,237506494cbe1857,ToMi,location-belief,Belief,Location False Beliefs,D,D,[[D]],1,,baseline,,
1015e210f8e103c0,8fc24fcaee080c0e,8af87ed12146b522,ToMi,location-belief,Belief,Location False Beliefs,A,A,[[A]],1,,baseline,,
80c98a03dab90dea,af8c01b8a22a39b6,adf1a76fca434360,ToMi,location-belief,Belief,Location False Beliefs,A,B,[[B]],0,,baseline,,
a2bab034fc4be30c,c5c7519940639bae,d0597f849914bf4f,ToMi,location-belief,Belief,Location False Beliefs,B,B,"[[B]]
The story states that Mila moved the pumpkin",1,,baseline,,
f9f3b5aa8ceb4e56,d198c0e521834dbe,a0e281b3626ee7c7,ToMi,location-belief,Belief,Location False Beliefs,A,A,[X] [[A]],1,,baseline,,
29672e3aef1b4c76,dfe9d52a45b29e35,900041a430e42357,ToMi,location-belief,Belief,Location False Beliefs,A,A,"[[A]]
The story states that ""Liam exited the",1,,baseline,,
8b66b0ab10ac2792,49e649644e5376e6,a4a37b64be62ab30,ToMi,location-belief,Belief,Location False Beliefs,C,C,[[C]],1,,baseline,,
726ca77649b9f1f6,e97aeadbdd149515,10a8a827d2d11d6c,ToMi,location-belief,Belief,Location False Beliefs,B,B,[[B]],1,,baseline,,
b778cf929534fec0,62ccbff4fcc2e907,079bb6daee357a0e,ToMi,location-belief,Belief,Location False Beliefs,A,A,[[A]],1,,baseline,,
41ad2761c4242ea7,28672ef5869ceeb4,e49f223627285dab,ToMi,location-belief,Belief,Location False Beliefs,B,B,[[B]],1,,baseline,,
88a8dde4fcaf58fc,ceb8012ef7f9ad80,69fa9b96e1d1a1c5,ToMi,location-belief,Belief,Location False Beliefs,A,A,[[A]],1,,baseline,,
17722c3e3f2a3e81,08bb92aa7cd49451,e1c22c9482c24bd1,ToMi,location-belief,Belief,Location False Beliefs,A,A,[[A]],1,,baseline,,
d485ec098e9c5b5a,77f6864f84fc746a,dbdc54eb52526a2b,ToMi,location-belief,Belief,Location False Beliefs,A,A,[[A]],1,,baseline,,
2b122f0e78f9314a,d6d2f053fbc1c0c8,af73e51578a8ba98,ToMi,location-belief,Belief,Location False Beliefs,B,B,[[B]],1,,baseline,,
f9e3c45046f7abda,c75927216397da1c,cc160e406d2770e2,ToMi,location-belief,Belief,Location False Beliefs,B,B,"[[B]]
The story states ""The melon is in",1,,baseline,,
49c7999c2ad195b6,e957d7b8f5f970d7,1c1e648af0bd66b6,ToMi,location-belief,Belief,Location False Beliefs,B,B,"[[B]]
Explanation: Initially, the watermelon was in",1,,baseline,,
8cfaee7685f8b107,46c188b86fa9c841,4b01e75c68573c9c,ToMi,location-belief,Belief,Location False Beliefs,B,B,[[B]],1,,baseline,,
cd27b5936b4fd166,6e382aa1e058e13f,c06cc47b6444f245,ToMi,location-belief,Belief,Location False Beliefs,D,B,[[B]],0,,baseline,,
b6516414da8dbea3,240ee66509880d5c,08044fc183d8e925,ToMi,location-belief,Belief,Location False Beliefs,C,C,[[C]],1,,baseline,,
081fe316a698e35c,ecf46d3d3a188902,d283a59c0aa95545,ToMi,location-belief,Belief,Location False Beliefs,A,B,[[B]],0,,baseline,,
a65194f2baa8606b,441c78b9fc8889ad,067df8630e20e952,ToMi,location-belief,Belief,Location False Beliefs,C,A,[[A]],0,,baseline,,
d6d0ec77c72350cd,f0054e1962d11d09,dab517e3aba57fe3,ToMi,location-belief,Belief,Location False Beliefs,B,A,"[[A]]
The story states that ""Jackson moved the orange",0,,baseline,,
6d27e73278fa0c6b,b314cce8c747b131,4b01e75c68573c9c,ToMi,location-belief,Belief,Location False Beliefs,A,B,[[B]],0,,baseline,,
3dc5a0164a91f8d3,1ef6e988f33e2f3f,c97710518b33da5d,ToMi,location-belief,Belief,Location False Beliefs,A,B,[[B]],0,,baseline,,
59c4ae2adf553638,07e7d0927172d492,aaaca2653e2dbc78,ToMi,location-belief,Belief,Location False Beliefs,D,D,[[D]],1,,baseline,,
e19ec73d317016f4,37a8ea5bef640913,51b73a6a67f34424,ToMi,location-belief,Belief,Location False Beliefs,B,B,[[B]],1,,baseline,,
e818b19f8ea2b705,c173a5634f31627e,9b2843b23ddc950f,ToMi,location-belief,Belief,Location False Beliefs,C,C,[[C]],1,,baseline,,
b29da92f10eff4ab,ee1adae419ee65a7,6b21040fc8f6d369,ToMi,location-belief,Belief,Location False Beliefs,D,D,[[D]],1,,baseline,,
aa460a309d7723f2,ccf9f6e04f0e5063,531300afac3c0e76,ToMi,location-belief,Belief,Location False Beliefs,C,C,[[C]],1,,baseline,,
65334295b03ad975,c1ff6894c2f26c7c,c5ed748c11b2ed7a,ToMi,location-belief,Belief,Location False Beliefs,D,D,[[D]],1,,baseline,,
d2d2642963e57949,995255c85f524f7e,87623798e3676186,ToMi,location-belief,Belief,Location False Beliefs,D,D,"[[D]]
The story states that Chloe moved the underclo",1,,baseline,,
273e09c70855905d,93efbc07d2d0db60,86d06c6db721b75d,ToMi,location-belief,Belief,Location False Beliefs,C,C,[[C]],1,,baseline,,
2787c21ac326eda3,dfb8864b2693974d,fd26ade1b861910d,ToMi,location-belief,Belief,Location False Beliefs,C,C,[[C]],1,,baseline,,
295604bc1eacb373,a591c2641d10741f,88518eb65b5fe76c,ToMi,location-belief,Belief,Location False Beliefs,D,C,[[C]],0,,baseline,,
b9bd6a0e55e946ce,d189424bd79a9f84,b6eca60ad65f0804,ToMi,location-belief,Belief,Location False Beliefs,A,B,[[B]],0,,baseline,,
9463636ab139244f,7f2d9d8a3b9493fa,605e66733e6b302a,ToMi,location-belief,Belief,Location False Beliefs,B,B,[[B]],1,,baseline,,
57aac6f955031e34,887810783ce8cf9a,1bed3fd009f6d4c2,ToMi,location-belief,Belief,Location False Beliefs,C,A,"[[A]]
[[B]]
[[C]]
[[D]]",0,,baseline,,
6d768a9bf6e7eb79,498896adee33fa86,a52aea409fdd793d,ToMi,location-belief,Belief,Location False Beliefs,A,A,[[A]],1,,baseline,,
de8055041a9f7ac2,a3e89fc8bffb4c9b,b5276eaafe95fcb6,ToMi,location-belief,Belief,Location False Beliefs,C,B,[[B]],0,,baseline,,
bc6819b090b0ba2d,62a465e1799ba5fa,bcd14d3c62640889,ToMi,location-belief,Belief,Location False Beliefs,D,D,[[D]],1,,baseline,,
b7b6e2260411b9f4,449886f6d8606066,6c67028d3ce69f48,ToMi,location-belief,Belief,Location False Beliefs,C,C,[[C]],1,,baseline,,
7d5d3db82eeed0cc,0402219fb98b9cef,03b151dc2f3dfffc,ToMi,location-belief,Belief,Location False Beliefs,D,C,[[C]],0,,baseline,,
e30d95a07a69c50e,c19d285a243e6dba,069b99ac0a9e0ebe,ToMi,location-belief,Belief,Location False Beliefs,A,A,[X] [[A]],1,,baseline,,
7e418adc2d17e7cd,46846418a5452b82,d6f7e360ac7e896b,ToMi,location-belief,Belief,Location False Beliefs,C,B,"[[B]]
Alexander saw Ava move the spinach to the cupboard",0,,baseline,,
4a7f54d29b8d4c3a,2967059c811aec35,294f456aa01cbc4d,ToMi,location-belief,Belief,Location False Beliefs,D,D,[[D]],1,,baseline,,
ef57f5b8e26870e2,2f2c0dc546fe2cd7,9d0dbbd4f916effe,ToMi,location-belief,Belief,Location False Beliefs,C,C,"[[C]]
[[C]] is the correct answer based on",1,,baseline,,
a5a16d28f6ce6f5b,383ad77160292ac5,3db70953078b9bfe,ToMi,location-belief,Belief,Location False Beliefs,A,B,"[[B]]
The story states that William moved the pumpkin to",0,,baseline,,
61a9efd8b15d17ad,08cb26532f530e3e,1aef622ad997cb15,ToMi,location-belief,Belief,Location False Beliefs,C,C,"[[C]]
The story states that ""The sweet_potato",1,,baseline,,
08261ef8b4f8b082,e0e29d43e7b92aac,2796c0bda8068857,ToMi,location-belief,Belief,Location False Beliefs,B,A,[[A]],0,,baseline,,
b2b11025d3aa3e82,09ce6d3a3075f559,5c68ca8593ded098,ToMi,location-belief,Belief,Location False Beliefs,A,C,[[C]],0,,baseline,,
f40025c6c98e29f5,cf62c98966c0785b,452e9fd7f1a13dae,ToMi,location-belief,Belief,Location False Beliefs,B,B,[[B]],1,,baseline,,
fb41ec04dd74c555,da4ba91a5438bab3,84da922e142135a4,ToMi,location-belief,Belief,Location False Beliefs,B,C,[[C]],0,,baseline,,
3943cc3c710b9f5c,616635c1e51e5bb7,ece3f2781a4e83e6,ToMi,location-belief,Belief,Location False Beliefs,C,C,[[C]],1,,baseline,,
c9dad2303f329965,bf0ebc1f858128a8,5373d1170aef2a45,ToMi,location-belief,Belief,Location False Beliefs,D,D,"[[D]]
The story states that Lily moved the onion to",1,,baseline,,
11895ef90152322c,b36e7b34fbe77587,341aa9bfe1976def,ToMi,location-belief,Belief,Location False Beliefs,A,B,[[B]],0,,baseline,,
4622764ffe9cedfe,2b3a04c4cee6d87b,32d4f52395d79179,ToMi,location-belief,Belief,Location False Beliefs,D,C,"[[C]]
The onion was initially in the treasure_chest",0,,baseline,,
24c01ad92cadc36d,65e0112e5d6d88b5,30163c7e6233771d,ToMi,location-belief,Belief,Location False Beliefs,A,A,[[A]],1,,baseline,,
6cdd5921c78833b5,ec1681cbff802ffb,c8ad19de90d28a23,ToMi,location-belief,Belief,Location False Beliefs,B,B,[[B]],1,,baseline,,
8a9ddb81a176513a,d902df465bfc69df,1c1e648af0bd66b6,ToMi,location-belief,Belief,Location False Beliefs,A,A,[[A]],1,,baseline,,
547ce4ff3dc754ff,3cae74e8bcd9cf2b,4fcc5dd66f257a49,ToMi,location-belief,Belief,Location False Beliefs,B,B,[[B]],1,,baseline,,
76441e7505ebfa34,292641c0bf755ede,855ee1092d6a9773,ToMi,location-belief,Belief,Location False Beliefs,C,C,[[C]],1,,baseline,,
53a03fc442064503,770a81d0981b822a,e3ab7f0be0729326,ToMi,location-belief,Belief,Location False Beliefs,B,B,[[B]],1,,baseline,,
01dd19ce331d273d,c6da6995fdf0e030,fb69c5c412915cdf,ToMi,location-belief,Belief,Location False Beliefs,B,A,"[[A]]
[[B]]",0,,baseline,,
1b8657d2b0726532,fe007c469a127977,fc0016feeddc380d,ToMi,location-belief,Belief,Location False Beliefs,D,C,[[C]],0,,baseline,,
326d91ac2071ef5f,8874465dcc994dd8,da9f4d5d98253c9f,ToMi,location-belief,Belief,Location False Beliefs,A,D,[[D]],0,,baseline,,
cfd5ee1dacc46581,d84f994b39683346,efaacb21898210a2,ToMi,location-belief,Belief,Location False Beliefs,A,A,[[A]],1,,baseline,,
d0bd56c08312a41c,5725d7c7967c2115,204b78ef268f86c1,ToMi,location-belief,Belief,Location False Beliefs,B,B,[[B]],1,,baseline,,
33e62bba32935649,fe4bfefb872004f0,0f25f232649578d2,ToMi,location-belief,Belief,Location False Beliefs,C,C,[X] [[C]],1,,baseline,,
abf6cc2c5e87b899,ce0063e4aa61a273,72f5e76267f509c5,ToMi,location-belief,Belief,Location False Beliefs,B,B,[[B]],1,,baseline,,
911533503e055111,e988ce869adc0ae9,79256dc34782f9fb,ToMi,location-belief,Belief,Location False Beliefs,B,B,[[B]],1,,baseline,,
83509bbfe57a8f00,8ac8c4f7154c7772,861ba406ba1c69b4,ToMi,location-belief,Belief,Location False Beliefs,A,C,[[C]],0,,baseline,,
159d3489a82a1512,63324af1869e9bf5,497a70e37987e1fa,ToMi,location-belief,Belief,Location False Beliefs,C,C,[[C]],1,,baseline,,
ef6c038373aa9370,4760311f8c5a4477,e1c22c9482c24bd1,ToMi,location-belief,Belief,Location False Beliefs,B,B,"[[B]]
[[B]]",1,,baseline,,
ecaa54818bbed330,ff708dc2114c5059,c6129e09658a3737,ToMi,location-belief,Belief,Location False Beliefs,C,C,[[C]],1,,baseline,,
6aeb235b9897909f,6df8963a38dc7aa5,e88183c070b2df97,ToMi,location-belief,Belief,Location False Beliefs,D,C,[[C]],0,,baseline,,
c0a15511f9b91977,7e06f63eb98b9386,cbad4f2b9463c45d,ToMi,location-belief,Belief,Location False Beliefs,B,B,"[[B]]
[[C]]",1,,baseline,,
bb6850078a2dde1e,41b05578e34e25bc,f454c7b9fdecd8e3,ToMi,location-belief,Belief,Location False Beliefs,C,C,"[[C]]
The most likely answer is C, ""bucket",1,,baseline,,
eb7db04ca8a5356b,b1af89a9f1f9b233,a08114fac6afbf43,ToMi,location-belief,Belief,Location False Beliefs,D,D,[[D]],1,,baseline,,
ed494149b93e7454,dbfb99304f211624,bad3679d1f6a61b3,ToMi,location-belief,Belief,Location False Beliefs,C,C,[[C]],1,,baseline,,
d3550f42f44b5160,2915748651de49aa,451bf1b23ace9e24,ToMi,location-belief,Belief,Location False Beliefs,B,B,[[B]],1,,baseline,,
d0e3f634c2658651,94f7df608732c3eb,8438f8a81e1da5c1,ToMi,location-belief,Belief,Location False Beliefs,B,B,"[[B]]
[[B]] is the correct answer based on",1,,baseline,,
8ca7141808d554eb,5bd9ee451143a52b,34b02b92475c08bd,ToMi,location-belief,Belief,Location False Beliefs,B,B,"[[B]]
[[C]]
[[D]]
The story states",1,,baseline,,
0acb21e308205438,b39a99648afcabbe,12f9cb0f074c87f2,ToMi,location-belief,Belief,Location False Beliefs,D,C,[[C]],0,,baseline,,
b9c0b16206e4dbb3,86488490f7e6f0a7,7f4deb4ad8765aa6,ToMi,location-belief,Belief,Location False Beliefs,B,B,[[B]],1,,baseline,,
b794682ab07fd361,701124b7be27b3ef,9b25237bb4364c2b,ToMi,location-belief,Belief,Location False Beliefs,A,A,[[A]],1,,baseline,,
ba0b57258da37041,a196f49a9f5fde7c,ced831138395e8d0,ToMi,location-belief,Belief,Location False Beliefs,B,B,[[B]],1,,baseline,,
f97a7032a98c39cd,3d26ee57624e3eb1,b82f3e6cc8617a2d,ToMi,location-belief,Belief,Location False Beliefs,D,B,[[B]],0,,baseline,,
616205d8f55cebb2,f44b5e505d0d8b3d,c695ab5a001e2c2d,ToMi,location-belief,Belief,Location False Beliefs,D,D,"[[D]]
The story states ""The skirt is in the",1,,baseline,,
631da7f6f8601394,ba5572b6db0baf4d,a253eb4bae930af9,ToMi,location-belief,Belief,Location False Beliefs,D,A,[[A]],0,,baseline,,
72edc36832726874,99ded3d6d812c88b,30958edc662a4573,ToMi,location-belief,Belief,Location False Beliefs,B,A,"[[A]]
The story states that Noah moved the underpants",0,,baseline,,
2b2fbfdc574f86a6,10524a366ca7a01f,75ea495e54aff545,ToMi,location-belief,Belief,Location False Beliefs,B,B,"[[B]]
The most likely answer is B, ""tre",1,,baseline,,
7cfc84d38225f3f7,6c570a753cab6016,91ba05cfb5511fc6,ToMi,location-belief,Belief,Location False Beliefs,B,C,"[[C]]
The story states that ""Mila exited the",0,,baseline,,
267f035d2b1f22ac,257bb0108c7a4931,9006233359e5a441,ToMi,location-belief,Belief,Location False Beliefs,B,B,[[B]],1,,baseline,,
5cbd93dc4f865ec4,2a35efabdd07955e,9ddd8eb7b9bab026,ToMi,location-belief,Belief,Location False Beliefs,A,B,[[B]],0,,baseline,,
8154411b50cac8cb,6b8cf5b111aed6e8,3fa5cc5b5932866f,ToMi,location-belief,Belief,Location False Beliefs,C,C,[[C]],1,,baseline,,
b3bce65c7f6ff4b4,23679277b0745fd6,b95d9d0d5dbb6851,ToMi,location-belief,Belief,Location False Beliefs,A,A,[[A]],1,,baseline,,
2272ab3324fefbb5,518b832487820096,b93df2b41bb7d8c6,ToMi,location-belief,Belief,Location False Beliefs,B,B,"[[B]]
The story states ""The tomato is in the",1,,baseline,,
f7d8db83db15ea5f,272542477989ae68,88486afc40ad955f,ToMi,location-belief,Belief,Location False Beliefs,D,C,[[C]],0,,baseline,,
3bb3f03c6ea442ba,22fba17c3111a5d3,5983425d538298f3,ToMi,location-belief,Belief,Location False Beliefs,D,B,"[[B]]
The most likely answer is B because after Logan",0,,baseline,,
c2a5badbcb8cc2d3,1b6bc9a61ab38600,118c13c3fe25de2b,ToMi,location-belief,Belief,Location False Beliefs,C,C,[X] [[C]],1,,baseline,,
c4c9ad58e33e960e,f21fa13ae77cd69c,cf46cc595a2eba3e,ToMi,location-belief,Belief,Location False Beliefs,C,C,[[C]],1,,baseline,,
af9601229a334ea6,83211ec3f2f97b0c,641a2ee71f3a103a,ToMi,location-belief,Belief,Location False Beliefs,A,A,[[A]],1,,baseline,,
5371d6453887e6af,bac872b020fe3069,7bc531e198eda945,ToMi,location-belief,Belief,Location False Beliefs,D,B,[[B]],0,,baseline,,
b27e0ad09d585a8e,7604b9a96921cc8e,78075086b12ac628,ToMi,location-belief,Belief,Location False Beliefs,C,C,[[C]],1,,baseline,,
314a8201a6e2b36e,03ea37266464f963,8dfa1a29299b1765,ToMi,location-belief,Belief,Location False Beliefs,D,D,"[[D]]
The story states that ""Jack hates the belt",1,,baseline,,
e53aca84d4f00e12,999d687e2761e683,475917573ab5fbbb,ToMi,location-belief,Belief,Location False Beliefs,A,A,[[A]],1,,baseline,,
f668ba30b56f6e44,235c8edb79999e10,a19fe16a594224a7,ToMi,location-belief,Belief,Location False Beliefs,D,A,[[A]],0,,baseline,,
f8e3cf9b5a63f4a5,4a7ec263c39723d2,b95d9d0d5dbb6851,ToMi,location-belief,Belief,Location False Beliefs,B,B,[[B]],1,,baseline,,
23dfe8c0d0abbc63,dd859a97f04db599,1c1e648af0bd66b6,ToMi,location-belief,Belief,Location False Beliefs,C,C,"[[C]]
The story states that Isla moved the water",1,,baseline,,
eaa9802a56de14b8,ed2bbcb9ecc9a105,6317895c9447bcb0,ToMi,location-belief,Belief,Location False Beliefs,B,B,[[B]],1,,baseline,,
2f8ce23aad75f878,cac765053855b569,9b25237bb4364c2b,ToMi,location-belief,Belief,Location False Beliefs,C,C,[[C]],1,,baseline,,
5a96130d6ce6f445,4f9cc2ff12d254d7,4fc990120b4d39a5,ToMi,location-belief,Belief,Location False Beliefs,C,C,[[C]],1,,baseline,,
d3de932ba42a07c5,1577b7a2eb84baae,956f97ed3550c5fa,ToMi,location-belief,Belief,Location False Beliefs,A,A,[[A]],1,,baseline,,
fd3f11498c1aecfd,77affecbc92c50ca,640b32d902abb7bb,ToMi,location-belief,Belief,Location False Beliefs,D,C,"[[C]]
The story states that ""The raincoat is",0,,baseline,,
d9a55632b7eba2bc,773f7e27f96ced5a,5efc53b66136ac2d,ToMi,location-belief,Belief,Location False Beliefs,C,C,[[C]],1,,baseline,,
61b533dcbb881ead,7367ea07b7d45bd0,dd56c89eaedea631,ToMi,location-belief,Belief,Location False Beliefs,C,C,[[C]],1,,baseline,,
2ee5b3a566e8e33f,0b398f6868ee194b,674ca378123594d5,ToMi,location-belief,Belief,Location False Beliefs,C,A,[[A]],0,,baseline,,
56056a7fc105ea93,80f0446eebbdf9b1,bd3b0cf753fb254e,ToMi,location-belief,Belief,Location False Beliefs,A,A,[[A]],1,,baseline,,
8067771fa881f53e,ebce85bab87114fb,906e70f29fcb6a28,ToMi,location-belief,Belief,Location False Beliefs,B,B,[[B]],1,,baseline,,
8c74fd8acddf7d1e,8ef04959eee2fd6d,51b73a6a67f34424,ToMi,location-belief,Belief,Location False Beliefs,D,C,[[C]],0,,baseline,,
b05bb4d7839dc52a,e205c4df7b218443,155a250b6fa81018,ToMi,location-belief,Belief,Location False Beliefs,C,C,"[[C]]
The story states ""The scarf is in the",1,,baseline,,
e091bb8c5b8db514,9704f8cd1c33bae2,78075086b12ac628,ToMi,location-belief,Belief,Location False Beliefs,B,C,[[C]],0,,baseline,,
7a51f63322e51e2d,02b5e52f985d62ad,d2d12b1f461e2989,ToMi,location-belief,Belief,Location False Beliefs,A,B,[[B]],0,,baseline,,
da282427ed74c3aa,49227a88e3b3c62d,1aef622ad997cb15,ToMi,location-belief,Belief,Location False Beliefs,D,D,[[D]],1,,baseline,,
41e0b85e0f825c93,3051e947f32c7cf9,768af538fc1b1d8d,ToMi,location-belief,Belief,Location False Beliefs,A,B,[[B]],0,,baseline,,
746a7c4e976ba192,840e1bbffb44edbd,b3542a5a67fb5efa,ToMi,location-belief,Belief,Location False Beliefs,B,A,[[A]],0,,baseline,,
a0df1ea577ecd1c1,243ddb4fa5fb20ee,f700d6a987703fa8,ToMi,location-belief,Belief,Location False Beliefs,D,D,[[D]],1,,baseline,,
30491c79dc597385,4fbb17175801edab,c85658a7586533a0,ToMi,location-belief,Belief,Location False Beliefs,D,D,"[[D]]
The story states that Alexander moved the boots from",1,,baseline,,
db9e7c5a41482234,750a826002b1893d,b5528b47077aa595,ToMi,location-belief,Belief,Location False Beliefs,B,B,"[[B]]
The story states that ""The pants is in",1,,baseline,,
44fb56427f18de83,160db58c7c2733f8,39dcd6f9672eb10e,ToMi,location-belief,Belief,Location False Beliefs,C,C,[[C]],1,,baseline,,
0e56dfa955efdaee,af8472070254163d,29574f91cd510a6f,ToMi,location-belief,Belief,Location False Beliefs,A,A,[[A]],1,,baseline,,
5c7ad4bad7d0db74,ef38f3ff085239b4,079bb6daee357a0e,ToMi,location-belief,Belief,Location False Beliefs,D,C,[[C]],0,,baseline,,
83c25b2bdac6d6f9,3ec543c61453f174,85b7003b0f6189f1,ToMi,location-belief,Belief,Location False Beliefs,B,B,"[[B]]
The story states that ""The sweatshirt is",1,,baseline,,
5d3bf647dde811b4,607ba15c261adef9,fa7e58c9860b3903,ToMi,location-belief,Belief,Location False Beliefs,C,C,[[C]],1,,baseline,,
76801e36e092699f,07387656e8c739e3,866f09dbfd3063cd,ToMi,location-belief,Belief,Location False Beliefs,B,B,[[B]],1,,baseline,,
8f44939c299e5d25,6e78fbda88dd3c61,b4895ad78804bd44,ToMi,location-belief,Belief,Location False Beliefs,D,B,[[B]],0,,baseline,,
34316ff6440607cc,555d9025f0b97f2f,067df8630e20e952,ToMi,location-belief,Belief,Location False Beliefs,A,A,[[A]],1,,baseline,,
6f77c9f1598133ac,9e798a03a77ba55f,486c5ec800899817,ToMi,location-belief,Belief,Location False Beliefs,B,B,[[B]],1,,baseline,,
02e0514d7c7a42f4,13c310aa65d6d4f5,405d003686d62b67,ToMi,location-belief,Belief,Location False Beliefs,C,C,[[C]],1,,baseline,,
f917678c6c222218,82c6265285cfa9b4,f62cf5f8223fd8e1,ToMi,location-belief,Belief,Location False Beliefs,A,A,[[A]],1,,baseline,,
57ebfedaec993671,6cab918fa7bd92fc,fb69c5c412915cdf,ToMi,location-belief,Belief,Location False Beliefs,B,B,[[B]],1,,baseline,,
699015f5adb063af,ea9cc15a53f77882,79c7894f6a13d23f,ToMi,location-belief,Belief,Location False Beliefs,D,D,[[D]],1,,baseline,,
f8163560d1ad9542,3e66d6e820b55b21,dbd79153249c21bc,ToMi,location-belief,Belief,Location False Beliefs,D,D,[[D]],1,,baseline,,
e399b512816eee5f,67251f7ff2fb77e1,ef2795be4a20a160,ToMi,location-belief,Belief,Location False Beliefs,B,B,[[B]],1,,baseline,,
11cdfc528946ed45,6318d17c01372ea5,475917573ab5fbbb,ToMi,location-belief,Belief,Location False Beliefs,C,A,[[A]],0,,baseline,,
08bee2da9521db07,fed4c9e7f8c7d0ff,405d003686d62b67,ToMi,location-belief,Belief,Location False Beliefs,B,B,[[B]],1,,baseline,,
3d09d37ae7ffadb8,5266784416c7b7ba,8d0a220cc20f95e8,ToMi,location-belief,Belief,Location False Beliefs,D,D,[[D]],1,,baseline,,
b5f40729606a6884,9bdd46975cd49401,184117b6d295915a,ToMi,location-belief,Belief,Location False Beliefs,B,B,[[B]],1,,baseline,,
6ec12634c9302ed8,fc3ad1642d29e599,d0597f849914bf4f,ToMi,location-belief,Belief,Location False Beliefs,C,C,"[[C]]
The story states ""Mila moved the pumpkin",1,,baseline,,
38b5a74f6f0ca2a5,3bdeba082da3536f,30163c7e6233771d,ToMi,location-belief,Belief,Location False Beliefs,D,D,[[D]],1,,baseline,,
581450649ba7f7c6,cd96381c252daf2a,505d248df37d2d49,ToMi,location-belief,Belief,Location False Beliefs,D,D,"[[D]]
The story states that Jacob moved the undersh",1,,baseline,,
81be5b3cedb65dac,a285c285d1220597,ddb5982c30a50cd4,ToMi,location-belief,Belief,Location False Beliefs,A,A,[X] [[A]],1,,baseline,,
afd9c1108a6c3a14,797a73346c700383,bd3b0cf753fb254e,ToMi,location-belief,Belief,Location False Beliefs,D,B,[[B]],0,,baseline,,
02c336c9c989ee71,5c40817691b907a7,05149000d16e68db,ToMi,location-belief,Belief,Location False Beliefs,C,C,[[C]],1,,baseline,,
a2f4c8db490c801b,5b9ab4cc7024ff8b,f34e9fc0d32f13d0,ToMi,location-belief,Belief,Location False Beliefs,A,A,[[A]],1,,baseline,,
6e70432d281c0d08,68301ee83aac89e8,2160dca2096a9101,ToMi,location-belief,Belief,Location False Beliefs,B,A,[[A]],0,,baseline,,
9987b32c92440439,81603caf86873fd6,925ff81767ac46a3,ToMi,location-belief,Belief,Location False Beliefs,C,C,[[C]],1,,baseline,,
ef282a3ce780167d,840c70ae96cbe40e,d91c37e3514c6431,ToMi,location-belief,Belief,Location False Beliefs,C,C,[[C]],1,,baseline,,
93e61376aac3b89a,25410615130d4e6a,53fc1013f8023d68,ToMi,location-belief,Belief,Location False Beliefs,D,D,[[D]],1,,baseline,,
802d9c04a98d7618,1af4ac745ddc527c,60923681b970c914,ToMi,location-belief,Belief,Location False Beliefs,B,B,[[B]],1,,baseline,,
3f0a03f282a3b61f,bc13ad20215da975,192783e3a036a06e,ToMi,location-belief,Belief,Location False Beliefs,A,A,[[A]],1,,baseline,,
cfdbed1ee9f4af46,7d2e808fe1d1fd7a,fa87b1d5d0699817,ToMi,location-belief,Belief,Location False Beliefs,B,B,[[B]],1,,baseline,,
e0e1b79ee8844655,2a80200d0e302eb4,ef2795be4a20a160,ToMi,location-belief,Belief,Location False Beliefs,B,B,"[[B]]
Explanation: From the story, we know that",1,,baseline,,
5d4501fe10ec3ef6,336a1907f8873912,7024e1fe1cce3a02,ToMi,location-belief,Belief,Location False Beliefs,C,C,[[C]],1,,baseline,,
2c7b027f01af4ede,1cd1463ac2af03fb,7222a453c5c5d02a,ToMi,location-belief,Belief,Location False Beliefs,A,A,[[A]],1,,baseline,,
83b50cd78afeed11,5372d2205a45aefb,73364af4aab1cf82,ToMi,location-belief,Belief,Location False Beliefs,C,C,[[C]],1,,baseline,,
51abf7ff6095e282,462cc72b052da39a,17c3e823b0eeb874,ToMi,location-belief,Belief,Location False Beliefs,A,B,[[B]],0,,baseline,,
7124b79ce9418f4c,b1cbf459c8550503,185e8a806a5f5c2a,ToMi,location-belief,Belief,Location False Beliefs,D,B,"[[B]]
The story states that ""Mia entered the",0,,baseline,,
06a9602fa1dde791,cb94a44fbdf0c1e6,db30217b2fada1e4,ToMi,location-belief,Belief,Location False Beliefs,B,B,[[B]],1,,baseline,,
10ee2aa004c9bff0,9f0c0ccdfb5108e7,3db70953078b9bfe,ToMi,location-belief,Belief,Location False Beliefs,A,B,[[B]],0,,baseline,,
3885a8449249ce01,c49103dea1b35e12,605e66733e6b302a,ToMi,location-belief,Belief,Location False Beliefs,A,B,[[B]],0,,baseline,,
85eb5e1c7cdb9490,6d86360cc52ab368,d1c8d55115135e30,ToMi,location-belief,Belief,Location False Beliefs,C,C,[[C]],1,,baseline,,
05713539874f9216,dad258d59938652b,7fc88b10bf540ff6,ToMi,location-belief,Belief,Location False Beliefs,B,B,[[B]],1,,baseline,,
378d7a2f3d4622c3,ec35af3ffbe9edce,cabe4a059bd5b2bb,ToMi,location-belief,Belief,Location False Beliefs,D,D,[X] [[D]],1,,baseline,,
14cc9952e9a31462,49951c8910baa7ab,35730f6f9f93c4cf,ToMi,location-belief,Belief,Location False Beliefs,A,A,[[A]],1,,baseline,,
e270eb3e3a40fd4f,5e7f666aa57a6cef,11acb80746e12dff,ToMi,location-belief,Belief,Location False Beliefs,A,A,"[[A]]
The story states that ""The orange is in",1,,baseline,,
d349344eca139fac,da10edcfc296b798,31ebe66b60690f9e,ToMi,location-belief,Belief,Location False Beliefs,B,B,[[B]],1,,baseline,,
d58510b6f4f0627d,f0d60649f601c271,dd0bf2cce0247832,ToMi,location-belief,Belief,Location False Beliefs,B,A,"[[A]]
The story states that Olivia moved the slippers",0,,baseline,,
38add1b74fa9a542,0b384ba5b93632b2,5bfdc1b4f6c475fd,ToMi,location-belief,Belief,Location False Beliefs,B,B,[[B]],1,,baseline,,
97dfccdc3f813504,2036220b7f7e7e7a,cc9647c2f216412c,ToMi,location-belief,Belief,Location False Beliefs,C,C,[[C]],1,,baseline,,
a09cd0569b4a9471,9db7df1eed75c4d5,b1afb04f22b62460,ToMi,location-belief,Belief,Location False Beliefs,A,A,[[A]],1,,baseline,,
df8413e3bec49d57,7f8634e9914a60f0,07a05ec0166ac978,ToMi,location-belief,Belief,Location False Beliefs,B,B,[[B]],1,,baseline,,
15a8929ad4de5f7e,18845e37e2623731,17c3e823b0eeb874,ToMi,location-belief,Belief,Location False Beliefs,D,C,[[C]],0,,baseline,,
f7f7614b0745fe07,f57fe41f27ad7ae6,1a774658108429eb,ToMi,location-belief,Belief,Location False Beliefs,D,D,[[D]],1,,baseline,,
b21148c90557ac6b,ee05b324c437e499,c06cc47b6444f245,ToMi,location-belief,Belief,Location False Beliefs,A,A,[[A]],1,,baseline,,
1f4230b7c2951c37,953c15ecc243201c,302fd7f445871221,ToMi,location-belief,Belief,Location False Beliefs,A,A,[[A]],1,,baseline,,
2f4f25da11323fbe,7340c6d3b5027b50,286a280012cf1c09,ToMi,location-belief,Belief,Location False Beliefs,B,C,[[C]],0,,baseline,,
b1920e1ab5301a3a,e6151a101568f8bf,b058af1a39467d5c,ToMi,location-belief,Belief,Location False Beliefs,C,C,[[C]],1,,baseline,,
92889275660e0302,f25d055da02ed8b6,9c7d49165c3feac2,ToMi,location-belief,Belief,Location False Beliefs,D,D,[[D]],1,,baseline,,
fbcd562dce5e762a,d790dba9450cab37,4287f8ae150bd2e2,ToMi,location-belief,Belief,Location False Beliefs,B,B,[[B]],1,,baseline,,
f5b56c738438b50f,c5add4237c447381,0af2b352128c393a,ToMi,location-belief,Belief,Location False Beliefs,C,C,"[[C]]
The story states that Oliver moved the peas from",1,,baseline,,
e2d0d9a4da61ee02,f7d2d5f28189c7a5,217098b24bb09fac,ToMi,location-belief,Belief,Location False Beliefs,D,D,[[D]],1,,baseline,,
28d0375946e01161,314b9b710c200ac2,3db70953078b9bfe,ToMi,location-belief,Belief,Location False Beliefs,B,B,[[B]],1,,baseline,,
5becf37cd9ee190b,6a063f9ee238a998,ffce16802c32cc88,ToMi,location-belief,Belief,Location False Beliefs,A,A,[[A]],1,,baseline,,
8960836ef53551af,ba0cd419f61cc7e8,7024e1fe1cce3a02,ToMi,location-belief,Belief,Location False Beliefs,A,B,[[B]],0,,baseline,,
35fc7fc20acdb676,95763e84f1b6bc9c,5ddcfddd1a1a437a,ToMi,location-belief,Belief,Location False Beliefs,D,C,[[C]],0,,baseline,,
1be5ab8b8d53df1c,abbfdabbc9e40bbc,17c3e823b0eeb874,ToMi,location-belief,Belief,Location False Beliefs,D,D,"[[D]]
The most likely answer is D, ""tre",1,,baseline,,
fe01360e80b702e7,12377e8c60b8e3fb,c70148237a1a45d9,ToMi,location-belief,Belief,Location False Beliefs,C,C,[[C]],1,,baseline,,
e648a2b46f7d80ed,7ed0e787f15a4f60,4c4b02a5cb04f0e6,ToMi,location-belief,Belief,Location False Beliefs,B,A,[[A]],0,,baseline,,
8b8c18c795e45d7d,0c2852dce0fa46d8,b5528b47077aa595,ToMi,location-belief,Belief,Location False Beliefs,B,B,"[[B]]
The story states that ""Alexander exited the play",1,,baseline,,
98dc4a15ece0cf97,c8b8aa90a353e437,74a0090794d33de0,ToMi,location-belief,Belief,Location False Beliefs,D,D,[[D]],1,,baseline,,
6795ef9995c1ce24,ab3a438c77add9ae,bad3679d1f6a61b3,ToMi,location-belief,Belief,Location False Beliefs,C,C,[[C]],1,,baseline,,
0ad486107aa0fd59,6791a76b5f797936,db58fd4328742382,ToMi,location-belief,Belief,Location False Beliefs,D,B,[[B]],0,,baseline,,
a3d4e92fdecfb7df,4e9e6718f35f22b5,f77a5630c0ee1672,ToMi,location-belief,Belief,Location False Beliefs,B,B,[[B]],1,,baseline,,
5581d65e22926aed,22482e5ad98a6321,9c3d28795d7efa74,ToMi,location-belief,Belief,Location False Beliefs,A,A,[[A]],1,,baseline,,
81aed1dbdc45c0f9,5f4a1b2622a3ebbf,451bf1b23ace9e24,ToMi,location-belief,Belief,Location False Beliefs,B,B,[[B]],1,,baseline,,
efa26e672105749f,eb8c579c768b0e77,dd56c89eaedea631,ToMi,location-belief,Belief,Location False Beliefs,B,B,[[B]],1,,baseline,,
0c67039c20b2458b,1862c665933c67fa,064125283e5bb2d4,ToMi,location-belief,Belief,Location False Beliefs,C,C,[[C]],1,,baseline,,
c6d07a1aa478b016,a2899c1575a39f22,636defe3aabc384a,ToMi,location-belief,Belief,Location False Beliefs,C,C,[[C]],1,,baseline,,
a486b24fc34f6349,38c870d553584d6a,6b21040fc8f6d369,ToMi,location-belief,Belief,Location False Beliefs,B,B,"[[B]]
[[C]]",1,,baseline,,
